# Name : Goddard
# Contents : BW, DELAY
0, 1.360986634
30, 1.361032366
60, 1.361078091
90, 1.3611238090000002
120, 1.36116952
150, 1.3612152236666666
180, 1.36126092
210, 1.361306609
240, 1.36135229
270, 1.3613979633333335
300, 1.3614436286666667
330, 1.361489286
360, 1.3615349350000001
390, 1.3615805756666666
420, 1.3616262076666665
450, 1.3616718313333334
480, 1.3617174456666665
510, 1.3617630513333334
540, 1.361808648
570, 1.3618542353333334
600, 1.361899813
630, 1.3619453813333333
660, 1.36199094
690, 1.3620364889999999
720, 1.3620820280000001
750, 1.3621275566666666
780, 1.3621730753333332
810, 1.3622185833333333
840, 1.362264081
870, 1.3623095680000001
900, 1.3623550439999998
930, 1.3624005093333333
960, 1.3624459633333332
990, 1.3624914063333333
1020, 1.3625368376666667
1050, 1.3625822576666666
1080, 1.3626276659999998
1110, 1.3626730623333332
1140, 1.362718447
1170, 1.3627638193333333
1200, 1.3628091796666666
1230, 1.3628545273333335
1260, 1.3628998626666669
1290, 1.3629451853333334
1320, 1.362990495
1350, 1.363035792
1380, 1.363081076
1410, 1.3631263463333332
1440, 1.3631716036666666
1470, 1.3632168473333335
1500, 1.3632620773333333
1530, 1.3633072936666668
1560, 1.363352496
1590, 1.3633976843333333
1620, 1.3634428583333333
1650, 1.3634880183333333
1680, 1.3635331633333334
1710, 1.363578294
1740, 1.36362341
1770, 1.3636685106666668
1800, 1.3637135966666667
1830, 1.3637586673333333
1860, 1.3638037226666668
1890, 1.3638487626666667
1920, 1.3638937866666667
1950, 1.3639387953333333
1980, 1.3639837876666667
2010, 1.3640287643333333
2040, 1.3640737246666665
2070, 1.3641186686666666
2100, 1.3641635963333334
2130, 1.3642085073333332
2160, 1.3642534016666665
2190, 1.364298279
2220, 1.3643431393333332
2250, 1.3643879826666667
2280, 1.3644328086666666
2310, 1.364477617
2340, 1.364522408
2370, 1.3645671813333333
2400, 1.3646119366666667
2430, 1.364656674
2460, 1.3647013933333334
2490, 1.3647460943333334
2520, 1.364790777
2550, 1.364835441
2580, 1.3648800863333335
2610, 1.364924713
2640, 1.3649693206666667
2670, 1.365013909
2700, 1.3650584783333335
2730, 1.365103028
2760, 1.3651475586666668
2790, 1.3651920693333333
2820, 1.3652365603333334
2850, 1.3652810313333335
2880, 1.3653254823333334
2910, 1.3653699129999999
2940, 1.3654143233333333
2970, 1.3654587133333334
3000, 1.3655030826666665
3030, 1.3655474313333333
3060, 1.365591759
3090, 1.3656360656666666
3120, 1.3656803513333333
3150, 1.3657246153333333
3180, 1.3657688583333332
3210, 1.3658130793333334
3240, 1.365857279
3270, 1.3659014566666665
3300, 1.3659456123333333
3330, 1.365989746
3360, 1.3660338573333335
3390, 1.366077946
3420, 1.3661220126666667
3450, 1.3661660563333333
3480, 1.3662100773333332
3510, 1.3662540753333332
3540, 1.3662980503333333
3570, 1.366342002
3600, 1.3663859303333332
3630, 1.3664298353333333
3660, 1.3664737166666667
3690, 1.3665175743333333
3720, 1.366561408
3750, 1.3666052176666668
3780, 1.3666490033333334
3810, 1.3666927646666667
3840, 1.3667365013333332
3870, 1.3667802136666667
3900, 1.3668239013333334
3930, 1.3668675643333332
3960, 1.366911202
3990, 1.3669548146666666
4020, 1.3669984023333333
4050, 1.3670419646666667
4080, 1.3670855013333332
4110, 1.3671290123333333
4140, 1.3671724976666668
4170, 1.367215957
4200, 1.3672593903333332
4230, 1.3673027976666667
4260, 1.3673461786666665
4290, 1.3673895333333332
4320, 1.3674328613333335
4350, 1.3674761623333331
4380, 1.3675194370000001
4410, 1.3675626846666666
4440, 1.367605905
4470, 1.3676490983333334
4500, 1.367692264
4530, 1.3677354023333335
4560, 1.3677785133333333
4590, 1.3678215963333333
4620, 1.3678646513333332
4650, 1.3679076786666666
4680, 1.3679506776666666
4710, 1.3679936483333333
4740, 1.3680365906666667
4770, 1.3680795046666667
4800, 1.3681223896666668
4830, 1.3681652463333334
4860, 1.3682080736666669
4890, 1.3682508720000002
4920, 1.3682936413333333
4950, 1.368336381
4980, 1.3683790916666665
5010, 1.3684217723333334
5040, 1.3684644236666665
5070, 1.3685070449999999
5100, 1.3685496363333334
5130, 1.3685921976666666
5160, 1.3686347286666667
5190, 1.3686772293333334
5220, 1.3687196996666668
5250, 1.3687621393333333
5280, 1.3688045483333333
5310, 1.3688469263333332
5340, 1.3688892733333333
5370, 1.3689315893333334
5400, 1.3689738740000001
5430, 1.3690161273333332
5460, 1.369058349
5490, 1.369100539
5520, 1.3691426973333334
5550, 1.369184824
5580, 1.3692269183333332
5610, 1.3692689806666667
5640, 1.3693110106666668
5670, 1.3693530083333334
5700, 1.3693949736666666
5730, 1.369436906
5760, 1.3694788056666667
5790, 1.3695206726666667
5820, 1.3695625063333332
5850, 1.3696043070000001
5880, 1.3696460743333334
5910, 1.3696878083333335
5940, 1.3697295086666665
5970, 1.3697711753333333
6000, 1.3698128083333334
6030, 1.3698544073333334
6060, 1.3698959723333333
6090, 1.369937503
6120, 1.3699789996666667
6150, 1.370020462
6180, 1.3700618893333332
6210, 1.3701032823333332
6240, 1.3701446406666666
6270, 1.3701859636666667
6300, 1.370227252
6330, 1.370268505
6360, 1.370309723
6390, 1.3703509053333334
6420, 1.3703920523333335
6450, 1.3704331633333333
6480, 1.370474239
6510, 1.3705152783333334
6540, 1.370556282
6570, 1.3705972493333332
6600, 1.3706381806666665
6630, 1.3706790753333333
6660, 1.3707199336666667
6690, 1.3707607553333334
6720, 1.37080154
6750, 1.370842288
6780, 1.370882999
6810, 1.370923673
6840, 1.3709643096666666
6870, 1.371004909
6900, 1.371045471
6930, 1.3710859949999998
6960, 1.3711264816666666
6990, 1.3711669303333331
7020, 1.371207341
7050, 1.3712477136666668
7080, 1.3712880483333334
7110, 1.3713283443333333
7140, 1.371368602
7170, 1.3714088213333335
7200, 1.3714490016666665
7230, 1.3714891433333334
7260, 1.3715292463333333
7290, 1.37156931
7320, 1.3716093346666667
7350, 1.37164932
7380, 1.371689266
7410, 1.3717291723333334
7440, 1.3717690393333333
7470, 1.3718088663333334
7500, 1.3718486536666668
7530, 1.3718884009999999
7560, 1.3719281079999999
7590, 1.3719677750000001
7620, 1.3720074016666666
7650, 1.372046988
7680, 1.3720865336666668
7710, 1.3721260386666667
7740, 1.372165503
7770, 1.3722049263333334
7800, 1.3722443083333333
7830, 1.3722836496666668
7860, 1.3723229496666667
7890, 1.372362208
7920, 1.372401425
7950, 1.3724406006666667
7980, 1.3724797343333333
8010, 1.3725188263333332
8040, 1.3725578763333333
8070, 1.3725968843333334
8100, 1.37263585
8130, 1.3726747736666667
8160, 1.3727136546666665
8190, 1.3727524933333335
8220, 1.3727912893333332
8250, 1.3728300426666669
8280, 1.3728687529999999
8310, 1.3729074203333334
8340, 1.3729460446666666
8370, 1.372984626
8400, 1.373023164
8430, 1.3730616583333333
8460, 1.3731001093333333
8490, 1.3731385166666668
8520, 1.3731768803333333
8550, 1.3732152
8580, 1.373253476
8610, 1.3732917076666666
8640, 1.3733298953333335
8670, 1.3733680386666667
8700, 1.3734061373333335
8730, 1.3734441916666666
8760, 1.3734822013333332
8790, 1.3735201663333332
8820, 1.3735580866666666
8850, 1.3735959616666666
8880, 1.3736337920000001
8910, 1.373671577
8940, 1.3737093166666665
8970, 1.373747011
9000, 1.3737846596666665
9030, 1.373822263
9060, 1.3738598203333334
9090, 1.373897332
9120, 1.3739347979999998
9150, 1.3739722176666667
9180, 1.3740095913333332
9210, 1.3740469186666666
9240, 1.3740841996666666
9270, 1.374121434
9300, 1.374158622
9330, 1.3741957633333333
9360, 1.3742328579999998
9390, 1.3742699056666667
9420, 1.3743069063333333
9450, 1.37434386
9480, 1.3743807663333332
9510, 1.3744176253333333
9540, 1.374454437
9570, 1.374491201
9600, 1.3745279176666667
9630, 1.3745645866666667
9660, 1.3746012076666665
9690, 1.3746377806666665
9720, 1.3746743056666666
9750, 1.3747107826666667
9780, 1.3747472113333334
9810, 1.3747835916666666
9840, 1.3748199233333334
9870, 1.3748562066666667
9900, 1.3748924413333332
9930, 1.3749286273333334
9960, 1.3749647646666667
9990, 1.3750008526666666
10020, 1.3750368916666666
10050, 1.3750728816666669
10080, 1.3751088223333332
10110, 1.3751447136666666
10140, 1.3751805556666667
10170, 1.375216348
10200, 1.3752520906666665
10230, 1.3752877836666668
10260, 1.3753234266666667
10290, 1.37535902
10320, 1.375394563
10350, 1.3754300556666665
10380, 1.3754654983333334
10410, 1.3755008906666666
10440, 1.3755362326666667
10470, 1.375571524
10500, 1.3756067646666668
10530, 1.3756419546666665
10560, 1.3756770936666667
10590, 1.375712182
10620, 1.375747219
10650, 1.375782205
10680, 1.3758171396666665
10710, 1.3758520233333333
10740, 1.3758868553333334
10770, 1.3759216356666668
10800, 1.3759563646666666
10830, 1.375991042
10860, 1.3760256673333333
10890, 1.3760602406666667
10920, 1.3760947623333333
10950, 1.3761292316666667
10980, 1.376163649
11010, 1.3761980139999999
11040, 1.3762323266666665
11070, 1.3762665866666668
11100, 1.3763007943333334
11130, 1.3763349493333332
11160, 1.3763690513333333
11190, 1.376403101
11220, 1.3764370973333335
11250, 1.3764710406666667
11280, 1.376504931
11310, 1.3765387683333334
11340, 1.3765725519999998
11370, 1.3766062823333334
11400, 1.3766399593333334
11430, 1.3766735826666667
11460, 1.3767071526666668
11490, 1.3767406686666666
11520, 1.3767741306666668
11550, 1.3768075389999999
11580, 1.376840893
11610, 1.3768741933333333
11640, 1.376907439
11670, 1.3769406306666667
11700, 1.376973768
11730, 1.3770068506666666
11760, 1.377039879
11790, 1.3770728526666667
11820, 1.3771057713333332
11850, 1.3771386353333332
11880, 1.3771714446666665
11910, 1.3772041986666665
11940, 1.3772368976666667
11970, 1.3772695416666667
12000, 1.3773021303333333
12030, 1.3773346636666666
12060, 1.3773671413333333
12090, 1.3773995636666667
12120, 1.3774319306666667
12150, 1.3774642416666667
12180, 1.377496497
12210, 1.3775286963333333
12240, 1.37756084
12270, 1.3775929276666665
12300, 1.377624959
12330, 1.377656934
12360, 1.377688853
12390, 1.3777207156666667
12420, 1.377752522
12450, 1.3777842716666666
12480, 1.3778159646666668
12510, 1.377847601
12540, 1.3778791803333335
12570, 1.3779107033333333
12600, 1.377942169
12630, 1.3779735776666666
12660, 1.3780049293333332
12690, 1.378036224
12720, 1.3780674613333332
12750, 1.378098641
12780, 1.3781297636666667
12810, 1.3781608286666667
12840, 1.378191836
12870, 1.3782227856666667
12900, 1.378253678
12930, 1.378284512
12960, 1.3783152883333332
12990, 1.3783460066666668
13020, 1.378376667
13050, 1.3784072693333334
13080, 1.378437813
13110, 1.3784682986666665
13140, 1.3784987260000001
13170, 1.378529095
13200, 1.3785594053333334
13230, 1.378589657
13260, 1.3786198503333333
13290, 1.3786499846666667
13320, 1.37868006
13350, 1.3787100766666667
13380, 1.3787400343333334
13410, 1.3787699329999998
13440, 1.3787997723333334
13470, 1.3788295526666667
13500, 1.3788592736666667
13530, 1.3788889353333333
13560, 1.3789185376666666
13590, 1.3789480803333334
13620, 1.3789775636666666
13650, 1.3790069870000001
13680, 1.3790363509999999
13710, 1.379065655
13740, 1.379094899
13770, 1.3791240833333334
13800, 1.3791532076666666
13830, 1.379182272
13860, 1.3792112760000002
13890, 1.3792402196666667
13920, 1.3792691033333335
13950, 1.3792979263333334
13980, 1.3793266893333334
14010, 1.3793553916666665
14040, 1.3793840333333334
14070, 1.3794126143333334
14100, 1.3794411346666666
14130, 1.3794695943333333
14160, 1.379497993
14190, 1.3795263306666665
14220, 1.3795546076666667
14250, 1.3795828233333334
14280, 1.379610978
14310, 1.3796390716666667
14340, 1.379667104
14370, 1.379695075
14400, 1.3797229843333332
14430, 1.3797508326666665
14460, 1.379778619
14490, 1.379806344
14520, 1.3798340073333333
14550, 1.379861609
14580, 1.379889149
14610, 1.379916627
14640, 1.3799440429999998
14670, 1.3799713973333334
14700, 1.3799986893333334
14730, 1.3800259193333333
14760, 1.3800530873333332
14790, 1.380080193
14820, 1.3801072363333333
14850, 1.3801342173333333
14880, 1.3801611356666668
14910, 1.3801879920000002
14940, 1.3802147853333335
14970, 1.3802415163333335
15000, 1.3802681846666667
15030, 1.3802947903333334
15060, 1.3803213330000002
15090, 1.380347813
15120, 1.38037423
15150, 1.380400584
15180, 1.380426875
15210, 1.380453103
15240, 1.380479268
15270, 1.3805053696666667
15300, 1.380531408
15330, 1.380557383
15360, 1.3805832946666665
15390, 1.3806091426666667
15420, 1.3806349276666667
15450, 1.3806606486666666
15480, 1.3806863063333332
15510, 1.3807119003333335
15540, 1.3807374303333333
15570, 1.380762897
15600, 1.3807882993333334
15630, 1.380813638
15660, 1.380838913
15690, 1.3808641236666668
15720, 1.3808892703333333
15750, 1.3809143529999999
15780, 1.3809393713333333
15810, 1.3809643253333332
15840, 1.3809892153333334
15870, 1.381014041
15900, 1.3810388023333333
15930, 1.381063499
15960, 1.3810881313333332
15990, 1.381112699
16020, 1.3811372023333333
16050, 1.381161641
16080, 1.3811860146666668
16110, 1.3812103236666666
16140, 1.381234568
16170, 1.3812587476666667
16200, 1.381282862
16230, 1.3813069116666667
16260, 1.3813308963333335
16290, 1.381354816
16320, 1.3813786703333335
16350, 1.3814024596666667
16380, 1.381426184
16410, 1.3814498426666668
16440, 1.3814734363333334
16470, 1.3814969646666666
16500, 1.3815204273333332
16530, 1.381543825
16560, 1.381567157
16590, 1.3815904233333334
16620, 1.3816136243333335
16650, 1.3816367593333332
16680, 1.381659829
16710, 1.3816828326666668
16740, 1.381705771
16770, 1.381728643
16800, 1.3817514496666667
16830, 1.38177419
16860, 1.3817968646666667
16890, 1.3818194733333333
16920, 1.381842016
16950, 1.3818644923333332
16980, 1.3818869026666667
17010, 1.3819092469999998
17040, 1.3819315250000002
17070, 1.381953737
17100, 1.3819758823333332
17130, 1.3819979616666667
17160, 1.3820199743333332
17190, 1.3820419206666668
17220, 1.3820638006666668
17250, 1.382085614
17280, 1.382107361
17310, 1.3821290413333334
17340, 1.382150655
17370, 1.3821722023333334
17400, 1.3821936826666665
17430, 1.3822150963333333
17460, 1.382236443
17490, 1.3822577233333333
17520, 1.3822789363333332
17550, 1.3823000826666667
17580, 1.382321162
17610, 1.3823421746666666
17640, 1.38236312
17670, 1.3823839983333333
17700, 1.3824048100000002
17730, 1.382425554
17760, 1.3824462313333334
17790, 1.3824668409999998
17820, 1.3824873836666667
17850, 1.3825078593333333
17880, 1.3825282673333332
17910, 1.3825486083333334
17940, 1.3825688816666668
17970, 1.3825890876666667
18000, 1.3826092266666665
18030, 1.3826292976666668
18060, 1.3826493013333334
18090, 1.3826692376666667
18120, 1.3826891063333333
18150, 1.3827089073333332
18180, 1.3827286410000001
18210, 1.3827483066666668
18240, 1.3827679046666668
18270, 1.382787435
18300, 1.3828068976666665
18330, 1.3828262926666668
18360, 1.3828456196666665
18390, 1.382864879
18420, 1.3828840703333334
18450, 1.382903194
18480, 1.3829222493333333
18510, 1.382941237
18540, 1.3829601566666667
18570, 1.3829790083333333
18600, 1.382997792
18630, 1.3830165073333334
18660, 1.3830351546666666
18690, 1.383053734
18720, 1.3830722453333333
18750, 1.3830906883333332
18780, 1.383109063
18810, 1.3831273696666666
18840, 1.383145608
18870, 1.383163778
18900, 1.3831818796666666
18930, 1.383199913
18960, 1.383217878
18990, 1.3832357746666666
19020, 1.383253603
19050, 1.3832713626666666
19080, 1.3832890543333332
19110, 1.383306677
19140, 1.3833242316666667
19170, 1.3833417173333333
19200, 1.383359135
19230, 1.3833764836666667
19260, 1.383393764
19290, 1.3834109756666666
19320, 1.3834281186666668
19350, 1.383445193
19380, 1.3834621986666666
19410, 1.3834791356666667
19440, 1.383496004
19470, 1.3835128036666666
19500, 1.3835295343333334
19530, 1.3835461963333333
19560, 1.3835627896666667
19590, 1.3835793143333333
19620, 1.3835957700000001
19650, 1.3836121566666666
19680, 1.3836284746666665
19710, 1.3836447236666667
19740, 1.383660904
19770, 1.3836770153333333
19800, 1.3836930576666666
19830, 1.383709031
19860, 1.3837249356666668
19890, 1.383740771
19920, 1.3837565376666667
19950, 1.3837722353333333
19980, 1.3837878636666667
20010, 1.3838034233333334
20040, 1.3838189136666668
20070, 1.383834335
20100, 1.3838496873333335
20130, 1.3838649706666666
20160, 1.3838801846666666
20190, 1.3838953296666665
20220, 1.3839104056666667
20250, 1.3839254123333333
20280, 1.38394035
20310, 1.3839552186666666
20340, 1.3839700176666667
20370, 1.383984748
20400, 1.383999409
20430, 1.3840140006666668
20460, 1.384028523
20490, 1.3840429763333333
20520, 1.3840573603333333
20550, 1.3840716753333333
20580, 1.384085921
20610, 1.3841000973333333
20640, 1.3841142043333334
20670, 1.3841282419999998
20700, 1.3841422106666668
20730, 1.3841561096666666
20760, 1.3841699396666667
20790, 1.3841837003333333
20820, 1.3841973916666668
20850, 1.3842110136666668
20880, 1.3842245663333332
20910, 1.3842380496666666
20940, 1.3842514636666667
20970, 1.3842648083333333
21000, 1.3842780836666666
21030, 1.3842912896666666
21060, 1.3843044263333333
21090, 1.3843174936666667
21120, 1.3843304913333334
21150, 1.38434342
21180, 1.3843562793333333
21210, 1.3843690690000001
21240, 1.3843817896666666
21270, 1.3843944406666666
21300, 1.3844070223333333
21330, 1.3844195346666668
21360, 1.3844319776666667
21390, 1.3844443513333333
21420, 1.3844566556666666
21450, 1.3844688903333333
21480, 1.3844810559999998
21510, 1.384493152
21540, 1.3845051786666667
21570, 1.384517136
21600, 1.384529024
21630, 1.3845408426666668
21660, 1.384552592
21690, 1.3845642716666666
21720, 1.3845758823333334
21750, 1.3845874233333333
21780, 1.384598895
21810, 1.3846102973333332
21840, 1.3846216303333334
21870, 1.3846328943333333
21900, 1.3846440886666667
21930, 1.3846552136666668
21960, 1.3846662693333334
21990, 1.3846772556666667
22020, 1.3846881726666667
22050, 1.3846990203333334
22080, 1.3847097986666665
22110, 1.3847205076666667
22140, 1.3847311473333332
22170, 1.3847417176666668
22200, 1.3847522190000001
22230, 1.384762651
22260, 1.3847730133333334
22290, 1.3847833066666668
22320, 1.3847935310000001
22350, 1.3848036856666668
22380, 1.3848137713333333
22410, 1.3848237876666667
22440, 1.3848337346666668
22470, 1.3848436126666668
22500, 1.3848534213333332
22530, 1.3848631606666666
22560, 1.384872831
22590, 1.3848824323333335
22620, 1.3848919643333333
22650, 1.384901427
22680, 1.3849108206666667
22710, 1.3849201453333333
22740, 1.3849294006666668
22770, 1.384938587
22800, 1.3849477043333334
22830, 1.3849567526666666
22860, 1.3849657316666666
22890, 1.3849746416666666
22920, 1.3849834826666665
22950, 1.3849922546666666
22980, 1.385000958
23010, 1.385009592
23040, 1.385018157
23070, 1.385026653
23100, 1.38503508
23130, 1.3850434383333332
23160, 1.3850517276666667
23190, 1.385059948
23220, 1.3850680996666667
23250, 1.3850761823333335
23280, 1.385084196
23310, 1.385092141
23340, 1.3851000173333334
23370, 1.3851078246666668
23400, 1.3851155633333334
23430, 1.385123233
23460, 1.3851308343333333
23490, 1.3851383666666668
23520, 1.3851458303333335
23550, 1.3851532253333332
23580, 1.385160552
23610, 1.3851678096666666
23640, 1.3851749986666666
23670, 1.3851821193333334
23700, 1.3851891713333333
23730, 1.3851961546666667
23760, 1.3852030696666668
23790, 1.3852099163333333
23820, 1.385216694
23850, 1.3852234036666666
23880, 1.3852300446666665
23910, 1.3852366173333333
23940, 1.3852431216666667
23970, 1.3852495576666666
24000, 1.3852559253333332
24030, 1.3852622243333332
24060, 1.3852684553333332
24090, 1.3852746183333333
24120, 1.3852807126666669
24150, 1.3852867389999999
24180, 1.3852926970000001
24210, 1.385298587
24240, 1.3853044086666668
24270, 1.3853101626666666
24300, 1.3853158483333332
24330, 1.3853214656666666
24360, 1.3853270153333335
24390, 1.385332497
24420, 1.3853379106666666
24450, 1.3853432563333334
24480, 1.385348534
24510, 1.3853537439999999
24540, 1.3853588860000001
24570, 1.3853639603333334
24600, 1.3853689666666666
24630, 1.3853739053333334
24660, 1.3853787763333334
24690, 1.3853835796666667
24720, 1.3853883153333333
24750, 1.3853929833333334
24780, 1.385397584
24810, 1.3854021166666668
24840, 1.385406582
24870, 1.38541098
24900, 1.3854153103333333
24930, 1.3854195733333332
24960, 1.3854237686666666
24990, 1.385427897
25020, 1.3854319576666667
25050, 1.3854359513333334
25080, 1.3854398776666668
25110, 1.3854437366666665
25140, 1.3854475286666668
25170, 1.3854512533333332
25200, 1.385454911
25230, 1.3854585013333334
25260, 1.385462025
25290, 1.3854654813333334
25320, 1.3854688709999998
25350, 1.3854721933333334
25380, 1.385475449
25410, 1.385478638
25440, 1.38548176
25470, 1.3854848149999999
25500, 1.3854878036666667
25530, 1.3854907253333333
25560, 1.3854935806666666
25590, 1.385496369
25620, 1.385499091
25650, 1.3855017463333332
25680, 1.3855043353333334
25710, 1.3855068576666667
25740, 1.3855093136666667
25770, 1.3855117033333333
25800, 1.3855140263333332
25830, 1.3855162833333334
25860, 1.3855184743333333
25890, 1.3855205986666665
25920, 1.385522657
25950, 1.3855246493333333
25980, 1.3855265753333332
26010, 1.3855284356666666
26040, 1.3855302296666667
26070, 1.385531958
26100, 1.3855336200000001
26130, 1.3855352166666666
26160, 1.385536747
26190, 1.3855382120000002
26220, 1.385539611
26250, 1.3855409446666667
26280, 1.3855422123333332
26310, 1.3855434146666668
26340, 1.3855445513333333
26370, 1.3855456223333333
26400, 1.3855466283333333
26430, 1.3855475686666667
26460, 1.3855484436666667
26490, 1.3855492533333333
26520, 1.3855499976666668
26550, 1.385550677
26580, 1.3855512913333334
26610, 1.3855518403333333
26640, 1.385552324
26670, 1.385552743
26700, 1.385553097
26730, 1.3855533863333334
26760, 1.3855536103333332
26790, 1.38555377
26820, 1.3855538646666667
26850, 1.3855538946666668
26880, 1.38555386
26910, 1.3855537606666666
26940, 1.385553597
26970, 1.3855533686666666
27000, 1.385553076
27030, 1.3855527189999999
27060, 1.3855522976666668
27090, 1.3855518119999999
27120, 1.385551262
27150, 1.385550648
27180, 1.3855499696666667
27210, 1.3855492273333334
27240, 1.3855484213333333
27270, 1.3855475510000002
27300, 1.385546617
27330, 1.385545619
27360, 1.3855445573333334
27390, 1.385543432
27420, 1.3855422426666666
27450, 1.38554099
27480, 1.385539674
27510, 1.385538294
27540, 1.3855368510000001
27570, 1.3855353443333334
27600, 1.3855337746666667
27630, 1.3855321413333335
27660, 1.3855304449999999
27690, 1.3855286856666666
27720, 1.385526863
27750, 1.3855249773333334
27780, 1.385523029
27810, 1.3855210173333334
27840, 1.3855189430000001
27870, 1.385516806
27900, 1.3855146063333332
27930, 1.3855123436666665
27960, 1.3855100186666667
27990, 1.3855076313333334
28020, 1.385505181
28050, 1.3855026686666667
28080, 1.385500094
28110, 1.3854974566666667
28140, 1.3854947573333332
28170, 1.3854919959999998
28200, 1.3854891723333334
28230, 1.3854862866666666
28260, 1.3854833393333335
28290, 1.3854803296666667
28320, 1.3854772583333332
28350, 1.3854741253333334
28380, 1.3854709306666666
28410, 1.3854676739999998
28440, 1.3854643560000002
28470, 1.3854609766666668
28500, 1.3854575356666665
28530, 1.3854540333333334
28560, 1.3854504696666667
28590, 1.3854468446666666
28620, 1.3854431586666667
28650, 1.3854394116666666
28680, 1.3854356033333333
28710, 1.3854317343333333
28740, 1.385427804
28770, 1.3854238133333332
28800, 1.3854197616666666
28830, 1.3854156493333334
28860, 1.3854114763333334
28890, 1.3854072426666666
28920, 1.3854029486666666
28950, 1.3853985943333333
28980, 1.3853941796666667
29010, 1.3853897043333332
29040, 1.3853851693333334
29070, 1.3853805739999998
29100, 1.3853759183333334
29130, 1.385371203
29160, 1.3853664276666668
29190, 1.3853615926666667
29220, 1.3853566976666667
29250, 1.385351743
29280, 1.3853467286666667
29310, 1.385341655
29340, 1.3853365216666667
29370, 1.385331329
29400, 1.385326077
29430, 1.3853207656666668
29460, 1.3853153953333333
29490, 1.3853099656666665
29520, 1.385304477
29550, 1.3852989296666667
29580, 1.3852933233333333
29610, 1.385287658
29640, 1.385281934
29670, 1.3852761516666667
29700, 1.3852703103333333
29730, 1.3852644106666667
29760, 1.3852584526666667
29790, 1.3852524363333334
29820, 1.3852463616666668
29850, 1.385240229
29880, 1.385234038
29910, 1.385227789
29940, 1.3852214823333333
29970, 1.3852151173333334
30000, 1.385208695
30030, 1.3852022146666667
30060, 1.3851956766666667
30090, 1.3851890813333334
30120, 1.3851824283333334
30150, 1.385175718
30180, 1.3851689506666667
30210, 1.3851621256666666
30240, 1.3851552436666665
30270, 1.3851483046666666
30300, 1.3851413086666666
30330, 1.3851342556666666
30360, 1.385127146
30390, 1.3851199796666667
30420, 1.3851127566666666
30450, 1.385105477
30480, 1.3850981406666667
30510, 1.385090748
30540, 1.3850832993333333
30570, 1.385075794
30600, 1.3850682330000001
30630, 1.3850606156666667
30660, 1.3850529423333333
30690, 1.385045213
30720, 1.3850374280000002
30750, 1.3850295873333334
30780, 1.385021691
30810, 1.3850137390000001
30840, 1.3850057316666666
30870, 1.384997669
30900, 1.3849895506666667
30930, 1.3849813776666666
30960, 1.3849731493333333
30990, 1.3849648656666667
31020, 1.3849565273333333
31050, 1.3849481343333334
31080, 1.3849396863333334
31110, 1.3849311836666667
31140, 1.3849226263333334
31170, 1.3849140146666665
31200, 1.3849053483333333
31230, 1.384896628
31260, 1.3848878530000002
31290, 1.3848790243333333
31320, 1.3848701413333333
31350, 1.3848612043333333
31380, 1.3848522136666666
31410, 1.384843169
31440, 1.384834071
31470, 1.384824919
31500, 1.3848157136666666
31530, 1.384806455
31560, 1.384797143
31590, 1.3847877776666666
31620, 1.384778359
31650, 1.3847688876666666
31680, 1.384759363
31710, 1.3847497856666666
31740, 1.3847401556666667
31770, 1.3847304729999999
31800, 1.3847207376666666
31830, 1.3847109496666667
31860, 1.3847011096666666
31890, 1.384691217
31920, 1.3846812723333335
31950, 1.3846712753333335
31980, 1.3846612266666667
32010, 1.3846511256666665
32040, 1.384640973
32070, 1.3846307686666668
32100, 1.384620513
32130, 1.3846102053333333
32160, 1.3845998463333333
32190, 1.384589436
32220, 1.3845789746666666
32250, 1.384568462
32280, 1.3845578983333333
32310, 1.3845472836666666
32340, 1.384536618
32370, 1.3845259016666667
32400, 1.3845151346666666
32430, 1.3845043173333333
32460, 1.3844934493333334
32490, 1.384482531
32520, 1.3844715623333335
32550, 1.3844605436666666
32580, 1.3844494746666667
32610, 1.384438356
32640, 1.3844271873333334
32670, 1.384415969
32700, 1.384404701
32730, 1.3843933833333333
32760, 1.384382016
32790, 1.3843705996666666
32820, 1.384359134
32850, 1.384347619
32880, 1.3843360550000001
32910, 1.3843244423333334
32940, 1.3843127803333333
32970, 1.38430107
33000, 1.3842893106666667
33030, 1.3842775029999999
33060, 1.384265647
33090, 1.3842537426666668
33120, 1.3842417896666668
33150, 1.3842297890000002
33180, 1.38421774
33210, 1.3842056433333334
33240, 1.3841934986666669
33270, 1.3841813063333333
33300, 1.3841690663333335
33330, 1.384156779
33360, 1.3841444443333333
33390, 1.384132062
33420, 1.3841196326666667
33450, 1.3841071563333334
33480, 1.3840946330000001
33510, 1.3840820626666666
33540, 1.3840694456666667
33570, 1.384056782
33600, 1.384044072
33630, 1.3840313153333332
33660, 1.3840185123333333
33690, 1.3840056630000002
33720, 1.3839927676666666
33750, 1.3839798263333334
33780, 1.3839668393333333
33810, 1.3839538059999998
33840, 1.3839407273333333
33870, 1.383927603
33900, 1.3839144333333333
33930, 1.3839012183333335
33960, 1.3838879576666667
33990, 1.3838746523333334
34020, 1.3838613016666665
34050, 1.3838479063333333
34080, 1.3838344660000002
34110, 1.383820981
34140, 1.3838074513333334
34170, 1.3837938773333334
34200, 1.3837802586666668
34230, 1.3837665959999998
34260, 1.3837528893333333
34290, 1.3837391383333333
34320, 1.3837253433333334
34350, 1.3837115046666668
34380, 1.3836976223333333
34410, 1.3836836966666666
34440, 1.3836697273333334
34470, 1.3836557143333332
34500, 1.3836416583333333
34530, 1.3836275593333331
34560, 1.383613417
34590, 1.383599232
34620, 1.383585004
34650, 1.3835707336666665
34680, 1.3835564203333333
34710, 1.3835420646666667
34740, 1.383527667
34770, 1.3835132266666665
34800, 1.3834987443333333
34830, 1.38348422
34860, 1.383469654
34890, 1.3834550460000001
34920, 1.3834403963333333
34950, 1.3834257053333332
34980, 1.3834109726666668
35010, 1.3833961989999999
35040, 1.383381384
35070, 1.383366528
35100, 1.3833516306666667
35130, 1.3833366930000002
35160, 1.3833217143333332
35190, 1.383306695
35220, 1.3832916353333333
35250, 1.3832765353333334
35280, 1.3832613950000001
35310, 1.3832462146666666
35340, 1.383230994
35370, 1.3832157336666666
35400, 1.3832004336666668
35430, 1.3831850936666668
35460, 1.3831697143333332
35490, 1.3831542956666665
35520, 1.3831388376666667
35550, 1.3831233403333332
35580, 1.383107804
35610, 1.3830922286666665
35640, 1.3830766146666666
35670, 1.3830609616666667
35700, 1.3830452703333334
35730, 1.3830295403333335
35760, 1.3830137723333333
35790, 1.382997966
35820, 1.3829821213333333
35850, 1.3829662386666668
35880, 1.3829503183333334
35910, 1.3829343603333335
35940, 1.3829183646666665
35970, 1.3829023313333333
36000, 1.3828862606666665
36030, 1.382870153
36060, 1.382854008
36090, 1.382837826
36120, 1.3828216070000001
36150, 1.3828053513333334
36180, 1.3827890589999998
36210, 1.3827727303333335
36240, 1.382756365
36270, 1.3827399636666666
36300, 1.382723526
36330, 1.3827070523333334
36360, 1.3826905426666667
36390, 1.3826739973333333
36420, 1.3826574163333332
36450, 1.3826408
36480, 1.382624148
36510, 1.3826074606666667
36540, 1.3825907383333333
36570, 1.382573981
36600, 1.3825571886666665
36630, 1.3825403616666665
36660, 1.3825235
36690, 1.3825066036666667
36720, 1.382489673
36750, 1.3824727083333332
36780, 1.3824557089999998
36810, 1.382438676
36840, 1.3824216089999999
36870, 1.3824045083333332
36900, 1.3823873740000001
36930, 1.382370206
36960, 1.3823530046666666
36990, 1.38233577
37020, 1.3823185023333333
37050, 1.3823012016666667
37080, 1.382283868
37110, 1.3822665016666666
37140, 1.3822491026666668
37170, 1.3822316713333334
37200, 1.3822142073333332
37230, 1.3821967113333333
37260, 1.382179183
37290, 1.382161623
37320, 1.382144031
37350, 1.3821264070000001
37380, 1.3821087516666668
37410, 1.382091065
37440, 1.3820733466666668
37470, 1.3820555973333333
37500, 1.3820378169999998
37530, 1.3820200053333334
37560, 1.3820021633333333
37590, 1.3819842903333335
37620, 1.3819663866666667
37650, 1.3819484530000001
37680, 1.3819304886666666
37710, 1.3819124943333332
37740, 1.38189447
37770, 1.3818764156666665
37800, 1.3818583313333332
37830, 1.3818402176666666
37860, 1.3818220743333334
37890, 1.3818039016666668
37920, 1.3817856996666666
37950, 1.3817674686666668
37980, 1.3817492086666667
38010, 1.38173092
38040, 1.3817126023333333
38070, 1.381694256
38100, 1.3816758813333332
38130, 1.3816574786666667
38160, 1.3816390473333333
38190, 1.381620588
38220, 1.3816021010000001
38250, 1.3815835859999999
38280, 1.3815650433333333
38310, 1.3815464733333334
38340, 1.3815278756666667
38370, 1.381509251
38400, 1.381490599
38430, 1.38147192
38460, 1.3814532143333333
38490, 1.3814344816666666
38520, 1.3814157226666666
38550, 1.381396937
38580, 1.3813781253333333
38610, 1.3813592873333334
38640, 1.381340423
38670, 1.3813215330000002
38700, 1.381302617
38730, 1.3812836756666667
38760, 1.3812647086666665
38790, 1.3812457163333334
38820, 1.3812266986666666
38850, 1.381207656
38880, 1.381188588
38910, 1.3811694956666665
38940, 1.3811503783333332
38970, 1.3811312366666666
39000, 1.3811120703333333
39030, 1.3810928796666666
39060, 1.381073665
39090, 1.3810544263333333
39120, 1.3810351636666667
39150, 1.3810158773333332
39180, 1.3809965673333333
39210, 1.3809772336666666
39240, 1.3809578770000002
39270, 1.380938497
39300, 1.380919094
39330, 1.3808996679999999
39360, 1.380880219
39390, 1.3808607476666668
39420, 1.3808412536666665
39450, 1.3808217373333334
39480, 1.3808021990000001
39510, 1.3807826383333333
39540, 1.3807630556666666
39570, 1.380743451
39600, 1.380723825
39630, 1.3807041773333333
39660, 1.3806845079999999
39690, 1.3806648176666667
39720, 1.3806451063333334
39750, 1.3806253736666667
39780, 1.3806056203333332
39810, 1.3805858463333334
39840, 1.3805660516666667
39870, 1.3805462363333332
39900, 1.380526401
39930, 1.3805065453333334
39960, 1.38048667
39990, 1.3804667743333334
40020, 1.380446859
40050, 1.3804269243333334
40080, 1.3804069700000001
40110, 1.3803869963333333
40140, 1.3803670036666669
40170, 1.3803469916666666
40200, 1.380326961
40230, 1.3803069116666666
40260, 1.3802868433333333
40290, 1.3802667566666666
40320, 1.3802466516666667
40350, 1.3802265286666666
40380, 1.3802063873333332
40410, 1.3801862283333333
40440, 1.3801660513333334
40470, 1.3801458566666667
40500, 1.3801256446666665
40530, 1.3801054153333332
40560, 1.3800851686666666
40590, 1.380064905
40620, 1.3800446243333333
40650, 1.380024327
40680, 1.3800040126666668
40710, 1.3799836823333334
40740, 1.3799633353333334
40770, 1.3799429719999998
40800, 1.3799225926666665
40830, 1.3799021976666668
40860, 1.3798817866666668
40890, 1.37986136
40920, 1.3798409176666666
40950, 1.37982046
40980, 1.3797999873333333
41010, 1.3797794993333334
41040, 1.3797589966666668
41070, 1.379738479
41100, 1.3797179466666667
41130, 1.3796973996666668
41160, 1.3796768386666667
41190, 1.3796562633333334
41220, 1.3796356736666666
41250, 1.3796150703333334
41280, 1.379594453
41310, 1.379573822
41340, 1.3795531776666667
41370, 1.3795325196666666
41400, 1.3795118486666667
41430, 1.3794911643333334
41460, 1.3794704673333333
41490, 1.3794497573333333
41520, 1.379429035
41550, 1.3794082996666666
41580, 1.3793875523333332
41610, 1.3793667926666666
41640, 1.379346021
41670, 1.3793252373333333
41700, 1.3793044416666667
41730, 1.3792836346666666
41760, 1.379262816
41790, 1.3792419856666667
41820, 1.3792211446666667
41850, 1.3792002923333333
41880, 1.3791794290000001
41910, 1.379158555
41940, 1.3791376703333333
41970, 1.379116775
42000, 1.3790958693333333
42030, 1.3790749536666667
42060, 1.379054028
42090, 1.379033092
42120, 1.3790121466666665
42150, 1.3789911913333333
42180, 1.3789702266666668
42210, 1.3789492526666667
42240, 1.3789282696666667
42270, 1.3789072773333335
42300, 1.3788862763333334
42330, 1.3788652663333334
42360, 1.3788442476666667
42390, 1.3788232206666668
42420, 1.3788021853333334
42450, 1.378781142
42480, 1.3787600903333335
42510, 1.378739031
42540, 1.3787179636666667
42570, 1.378696889
42600, 1.3786758066666667
42630, 1.3786547169999999
42660, 1.3786336203333334
42690, 1.3786125166666667
42720, 1.378591406
42750, 1.3785702886666666
42780, 1.3785491646666665
42810, 1.3785280343333333
42840, 1.3785068973333334
42870, 1.3784857546666667
42900, 1.3784646056666667
42930, 1.3784434509999999
42960, 1.3784222906666665
42990, 1.3784011246666668
43020, 1.3783799533333332
43050, 1.3783587766666665
43080, 1.378337595
43110, 1.3783164083333332
43140, 1.3782952166666667
43170, 1.3782740203333335
43200, 1.3782528196666668
43230, 1.3782316143333333
43260, 1.3782104046666668
43290, 1.3781891913333333
43320, 1.3781679736666668
43350, 1.3781467523333333
43380, 1.3781255273333333
43410, 1.3781042986666667
43440, 1.378083067
43470, 1.3780618316666668
43500, 1.3780405936666666
43530, 1.3780193523333335
43560, 1.3779981083333332
43590, 1.377976862
43620, 1.3779556126666668
43650, 1.3779343613333332
43680, 1.3779131076666666
43710, 1.377891852
43740, 1.3778705943333334
43770, 1.377849335
43800, 1.377828074
43830, 1.3778068116666669
43860, 1.377785548
43890, 1.377764283
43920, 1.377743017
43950, 1.37772175
43980, 1.3777004826666668
44010, 1.3776792143333332
44040, 1.3776579456666667
44070, 1.3776366766666668
44100, 1.3776154076666667
44130, 1.3775941386666668
44160, 1.3775728696666667
44190, 1.377551601
44220, 1.3775303326666668
44250, 1.377509065
44280, 1.377487798
44310, 1.377466532
44340, 1.3774452670000001
44370, 1.377424003
44400, 1.3774027406666667
44430, 1.3773814793333334
44460, 1.37736022
44490, 1.3773389623333334
44520, 1.3773177063333333
44550, 1.3772964526666667
44580, 1.377275201
44610, 1.3772539516666666
44640, 1.377232705
44670, 1.3772114606666666
44700, 1.3771902193333332
44730, 1.3771689809999998
44760, 1.3771477456666668
44790, 1.3771265136666666
44820, 1.3771052846666667
44850, 1.3770840593333333
44880, 1.3770628379999998
44910, 1.37704162
44940, 1.3770204063333333
44970, 1.3769991963333335
45000, 1.376977991
45030, 1.37695679
45060, 1.3769355933333334
45090, 1.3769144013333334
45120, 1.3768932143333332
45150, 1.3768720323333332
45180, 1.3768508553333334
45210, 1.3768296836666665
45240, 1.3768085173333333
45270, 1.3767873566666666
45300, 1.3767662016666666
45330, 1.3767450523333333
45360, 1.3767239093333334
45390, 1.3767027723333332
45420, 1.3766816416666667
45450, 1.3766605173333333
45480, 1.3766393996666666
45510, 1.3766182886666667
45540, 1.3765971846666667
45570, 1.3765760876666666
45600, 1.3765549976666667
45630, 1.376533915
45660, 1.37651284
45690, 1.3764917726666666
45720, 1.3764707126666667
45750, 1.376449661
45780, 1.3764286173333333
45810, 1.3764075816666668
45840, 1.3763865543333333
45870, 1.3763655356666666
45900, 1.3763445253333333
45930, 1.376323524
45960, 1.3763025316666666
45990, 1.3762815483333333
46020, 1.3762605743333332
46050, 1.3762396093333333
46080, 1.376218654
46110, 1.3761977083333334
46140, 1.3761767726666667
46170, 1.3761558466666668
46200, 1.376134931
46230, 1.3761140253333335
46260, 1.37609313
46290, 1.3760722453333332
46320, 1.3760513713333333
46350, 1.3760305083333335
46380, 1.376009656
46410, 1.375988815
46440, 1.375967985
46470, 1.3759471666666667
46500, 1.3759263596666667
46530, 1.3759055643333333
46560, 1.3758847810000001
46590, 1.3758640093333334
46620, 1.37584325
46650, 1.375822503
46680, 1.3758017683333332
46710, 1.3757810463333333
46740, 1.3757603366666666
46770, 1.3757396403333333
46800, 1.3757189566666665
46830, 1.3756982863333334
46860, 1.375677629
46890, 1.3756569853333334
46920, 1.375636355
46950, 1.3756157386666665
46980, 1.375595136
47010, 1.3755745473333334
47040, 1.375553973
47070, 1.3755334126666667
47100, 1.3755128669999999
47130, 1.3754923356666666
47160, 1.3754718193333335
47190, 1.3754513176666665
47220, 1.375430831
47250, 1.3754103596666667
47280, 1.3753899033333334
47310, 1.3753694626666668
47340, 1.3753490373333335
47370, 1.375328628
47400, 1.3753082346666667
47430, 1.375287857
47460, 1.3752674956666666
47490, 1.3752471503333334
47520, 1.3752268216666668
47550, 1.3752065096666666
47580, 1.3751862143333333
47610, 1.375165936
47640, 1.3751456743333335
47670, 1.37512543
47700, 1.375105203
47730, 1.3750849936666667
47760, 1.3750648016666667
47790, 1.3750446273333332
47820, 1.375024471
47850, 1.3750043326666666
47880, 1.3749842123333333
47910, 1.3749641103333334
47940, 1.374944027
47970, 1.374923962
48000, 1.3749039156666665
48030, 1.3748838883333334
48060, 1.37486388
48090, 1.3748438909999998
48120, 1.374823921
48150, 1.3748039703333332
48180, 1.3747840396666666
48210, 1.3747641283333332
48240, 1.374744237
48270, 1.3747243656666666
48300, 1.3747045143333334
48330, 1.3746846836666666
48360, 1.374664873
48390, 1.374645083
48420, 1.3746253136666666
48450, 1.3746055653333333
48480, 1.374585838
48510, 1.3745661316666666
48540, 1.3745464466666666
48570, 1.374526783
48600, 1.374507141
48630, 1.3744875203333333
48660, 1.3744679216666666
48690, 1.3744483453333334
48720, 1.3744287906666666
48750, 1.3744092583333334
48780, 1.3743897483333334
48810, 1.374370261
48840, 1.3743507963333332
48870, 1.3743313543333333
48900, 1.3743119353333333
48930, 1.3742925393333332
48960, 1.3742731666666668
48990, 1.3742538173333334
49020, 1.3742344916666667
49050, 1.3742151893333334
49080, 1.374195911
49110, 1.3741766563333335
49140, 1.374157426
49170, 1.3741382196666667
49200, 1.3741190376666668
49230, 1.3740998803333333
49260, 1.3740807473333334
49290, 1.3740616393333334
49320, 1.374042556
49350, 1.3740234976666668
49380, 1.3740044646666667
49410, 1.373985457
49440, 1.3739664743333333
49470, 1.3739475176666667
49500, 1.3739285866666666
49530, 1.3739096813333334
49560, 1.373890802
49590, 1.373871949
49620, 1.373853122
49650, 1.3738343213333333
49680, 1.3738155476666667
49710, 1.3737968003333332
49740, 1.3737780796666665
49770, 1.373759386
49800, 1.3737407196666667
49830, 1.3737220803333334
49860, 1.3737034683333333
49890, 1.3736848836666666
49920, 1.373666327
49950, 1.3736477976666666
49980, 1.3736292963333332
50010, 1.3736108233333333
50040, 1.3735923780000001
50070, 1.3735739613333333
50100, 1.373555573
50130, 1.3735372133333332
50160, 1.3735188820000002
50190, 1.3735005796666666
50220, 1.3734823063333332
50250, 1.3734640623333334
50280, 1.3734458473333335
50310, 1.3734276616666665
50340, 1.3734095056666666
50370, 1.3733913789999999
50400, 1.3733732823333333
50430, 1.3733552156666666
50460, 1.3733371786666668
50490, 1.373319172
50520, 1.3733011956666665
50550, 1.3732832499999998
50580, 1.3732653346666666
50610, 1.37324745
50640, 1.373229596
50670, 1.3732117733333333
50700, 1.3731939816666665
50730, 1.373176221
50760, 1.373158492
50790, 1.3731407943333334
50820, 1.373123128
50850, 1.373105494
50880, 1.3730878913333333
50910, 1.373070321
50940, 1.373052783
50970, 1.373035277
51000, 1.3730178033333333
51030, 1.3730003623333333
51060, 1.372982954
51090, 1.3729655783333332
51120, 1.372948236
51150, 1.3729309263333334
51180, 1.3729136499999999
51210, 1.372896407
51240, 1.3728791973333332
51270, 1.3728620213333333
51300, 1.372844879
51330, 1.3728277706666667
51360, 1.3728106960000002
51390, 1.3727936556666667
51420, 1.3727766496666667
51450, 1.3727596776666666
51480, 1.3727427406666666
51510, 1.3727258376666667
51540, 1.37270897
51570, 1.3726921366666667
51600, 1.3726753386666666
51630, 1.3726585756666667
51660, 1.372641848
51690, 1.3726251556666667
51720, 1.3726084986666667
51750, 1.3725918776666666
51780, 1.372575292
51810, 1.3725587426666668
51840, 1.372542229
51870, 1.3725257516666667
51900, 1.3725093103333335
51930, 1.3724929056666668
51960, 1.3724765373333334
51990, 1.3724602060000002
52020, 1.3724439110000002
52050, 1.3724276530000001
52080, 1.3724114323333332
52110, 1.3723952483333333
52140, 1.372379102
52170, 1.3723629929999999
52200, 1.3723469213333335
52230, 1.3723308873333333
52260, 1.3723148913333334
52290, 1.372298933
52320, 1.3722830126666665
52350, 1.3722671306666665
52380, 1.3722512866666667
52410, 1.3722354813333333
52440, 1.3722197143333335
52470, 1.372203986
52500, 1.3721882963333334
52530, 1.3721726456666665
52560, 1.372157034
52590, 1.3721414613333334
52620, 1.372125928
52650, 1.3721104343333335
52680, 1.3720949796666666
52710, 1.372079565
52740, 1.3720641896666665
52770, 1.3720488546666665
52800, 1.3720335593333335
52830, 1.372018304
52860, 1.3720030890000001
52890, 1.3719879143333333
52920, 1.3719727803333333
52950, 1.3719576866666665
52980, 1.3719426336666667
53010, 1.3719276216666667
53040, 1.3719126506666666
53070, 1.3718977206666667
53100, 1.3718828316666667
53130, 1.371867984
53160, 1.371853178
53190, 1.3718384133333332
53220, 1.3718236903333334
53250, 1.3718090090000001
53280, 1.3717943696666666
53310, 1.3717797723333334
53340, 1.371765217
53370, 1.371750704
53400, 1.3717362333333334
53430, 1.3717218053333333
53460, 1.3717074196666668
53490, 1.371693077
53520, 1.3716787769999998
53550, 1.3716645200000002
53580, 1.371650306
53610, 1.371636135
53640, 1.3716220076666668
53670, 1.3716079233333334
53700, 1.3715938829999998
53730, 1.371579886
53760, 1.3715659326666667
53790, 1.3715520233333334
53820, 1.3715381580000001
53850, 1.3715243366666665
53880, 1.3715105596666666
53910, 1.371496827
53940, 1.3714831386666668
53970, 1.3714694950000001
54000, 1.371455896
54030, 1.3714423416666668
54060, 1.3714288323333335
54090, 1.371415368
54120, 1.3714019486666666
54150, 1.3713885746666667
54180, 1.371375246
54210, 1.3713619626666667
54240, 1.371348725
54270, 1.371335533
54300, 1.371322387
54330, 1.3713092866666667
54360, 1.3712962323333333
54390, 1.3712832243333335
54420, 1.3712702623333333
54450, 1.3712573466666667
54480, 1.3712444776666668
54510, 1.371231655
54540, 1.371218879
54570, 1.37120615
54600, 1.371193468
54630, 1.3711808326666666
54660, 1.3711682446666666
54690, 1.3711557036666666
54720, 1.3711432103333334
54750, 1.3711307640000001
54780, 1.3711183656666666
54810, 1.3711060146666667
54840, 1.3710937113333332
54870, 1.3710814563333333
54900, 1.371069249
54930, 1.3710570896666665
54960, 1.3710449786666665
54990, 1.3710329159999999
55020, 1.3710209016666666
55050, 1.3710089356666668
55080, 1.3709970186666667
55110, 1.3709851499999999
55140, 1.3709733303333334
55170, 1.3709615596666667
55200, 1.370949838
55230, 1.3709381653333332
55260, 1.370926542
55290, 1.3709149680000001
55320, 1.3709034433333334
55350, 1.3708919683333334
55380, 1.3708805433333333
55410, 1.3708691676666667
55440, 1.370857842
55470, 1.3708465663333333
55500, 1.3708353406666667
55530, 1.370824165
55560, 1.37081304
55590, 1.370801965
55620, 1.3707909406666667
55650, 1.370779967
55680, 1.3707690436666666
55710, 1.3707581716666668
55740, 1.37074735
55770, 1.3707365796666666
55800, 1.3707258603333332
55830, 1.370715192
55860, 1.3707045753333333
55890, 1.3706940096666667
55920, 1.3706834956666667
55950, 1.3706730333333332
55980, 1.3706626226666667
56010, 1.3706522636666667
56040, 1.3706419563333334
56070, 1.3706317013333333
56100, 1.3706214983333334
56130, 1.3706113473333332
56160, 1.3706012486666665
56190, 1.3705912026666667
56220, 1.3705812086666667
56250, 1.3705712676666668
56280, 1.370561379
56310, 1.3705515433333333
56340, 1.3705417603333334
56370, 1.3705320303333333
56400, 1.3705223533333333
56430, 1.3705127293333335
56460, 1.370503159
56490, 1.3704936416666667
56520, 1.3704841776666665
56550, 1.3704747673333333
56580, 1.3704654106666665
56610, 1.3704561076666666
56640, 1.3704468583333334
56670, 1.370437663
56700, 1.3704285216666667
56730, 1.3704194343333331
56760, 1.3704104013333334
56790, 1.3704014223333334
56820, 1.370392498
56850, 1.3703836280000001
56880, 1.3703748123333332
56910, 1.3703660516666667
56940, 1.3703573453333333
56970, 1.370348694
57000, 1.3703400973333333
57030, 1.370331556
57060, 1.3703230696666668
57090, 1.3703146383333333
57120, 1.3703062623333333
57150, 1.3702979416666667
57180, 1.3702896766666666
57210, 1.370281467
57240, 1.370273313
57270, 1.3702652146666665
57300, 1.3702571719999999
57330, 1.3702491853333332
57360, 1.3702412546666667
57390, 1.3702333800000002
57420, 1.3702255613333334
57450, 1.370217799
57480, 1.3702100933333332
57510, 1.3702024436666667
57540, 1.3701948506666668
57570, 1.370187314
57600, 1.370179834
57630, 1.370172411
57660, 1.3701650446666667
57690, 1.3701577353333332
57720, 1.370150483
57750, 1.3701432876666666
57780, 1.3701361493333335
57810, 1.3701290686666667
57840, 1.370122045
57870, 1.370115079
57900, 1.3701081703333333
57930, 1.370101319
57960, 1.3700945256666666
57990, 1.37008779
58020, 1.370081112
58050, 1.3700744923333332
58080, 1.3700679303333334
58110, 1.3700614263333333
58140, 1.3700549806666666
58170, 1.370048593
58200, 1.3700422636666667
58230, 1.3700359930000001
58260, 1.3700297806666668
58290, 1.3700236266666665
58320, 1.3700175316666665
58350, 1.370011495
58380, 1.3700055173333332
58410, 1.3699995986666667
58440, 1.3699937386666667
58470, 1.3699879376666666
58500, 1.3699821959999998
58530, 1.3699765133333335
58560, 1.36997089
58590, 1.369965326
58620, 1.3699598213333335
58650, 1.3699543763333335
58680, 1.3699489906666666
58710, 1.3699436646666667
58740, 1.3699383983333333
58770, 1.3699331916666668
58800, 1.369928045
58830, 1.3699229583333334
58860, 1.3699179316666665
58890, 1.369912965
58920, 1.3699080583333332
58950, 1.369903212
58980, 1.369898426
59010, 1.3698937006666667
59040, 1.3698890353333333
59070, 1.3698844306666667
59100, 1.3698798866666668
59130, 1.369875403
59160, 1.3698709803333333
59190, 1.3698666183333335
59220, 1.3698623173333333
59250, 1.3698580773333333
59280, 1.3698538980000001
59310, 1.36984978
59340, 1.369845723
59370, 1.3698417273333332
59400, 1.3698377929999999
59430, 1.3698339199999998
59460, 1.3698301083333333
59490, 1.369826358
59520, 1.3698226696666667
59550, 1.3698190426666665
59580, 1.3698154773333333
59610, 1.3698119736666667
59640, 1.369808532
59670, 1.3698051523333334
59700, 1.3698018343333334
59730, 1.3697985786666667
59760, 1.369795385
59790, 1.3697922533333333
59820, 1.369789184
59850, 1.3697861766666666
59880, 1.369783232
59910, 1.3697803496666665
59940, 1.3697775300000001
59970, 1.3697747726666667
60000, 1.3697720776666666
60030, 1.3697694456666667
60060, 1.3697668763333335
60090, 1.36976437
60120, 1.369761926
60150, 1.3697595453333333
60180, 1.3697572276666667
60210, 1.3697549726666667
60240, 1.3697527809999999
60270, 1.3697506526666665
60300, 1.3697485873333333
60330, 1.3697465853333333
60360, 1.3697446466666665
60390, 1.3697427713333334
60420, 1.3697409593333334
60450, 1.369739211
60480, 1.3697375263333333
60510, 1.369735905
60540, 1.3697343476666668
60570, 1.369732854
60600, 1.369731424
60630, 1.369730058
60660, 1.3697287556666666
60690, 1.3697275176666668
60720, 1.3697263433333333
60750, 1.3697252333333334
60780, 1.3697241873333335
60810, 1.3697232056666666
60840, 1.369722288
60870, 1.369721435
60900, 1.369720646
60930, 1.3697199216666667
60960, 1.3697192616666667
60990, 1.3697186663333332
61020, 1.3697181353333332
61050, 1.3697176690000001
61080, 1.3697172676666667
61110, 1.3697169306666666
61140, 1.3697166586666667
61170, 1.3697164513333333
61200, 1.3697163090000002
61230, 1.3697162313333333
61260, 1.369716219
61290, 1.3697162716666667
61320, 1.3697163893333333
61350, 1.369716572
61380, 1.3697168199999998
61410, 1.369717133
61440, 1.3697175116666667
61470, 1.3697179553333334
61500, 1.3697184646666667
61530, 1.369719039
61560, 1.3697196793333333
61590, 1.3697203846666668
61620, 1.369721156
61650, 1.3697219926666666
61680, 1.369722895
61710, 1.369723863
61740, 1.369724897
61770, 1.3697259966666666
61800, 1.369727162
61830, 1.3697283933333333
61860, 1.3697296906666667
61890, 1.369731054
61920, 1.3697324833333333
61950, 1.3697339786666667
61980, 1.36973554
62010, 1.3697371676666665
62040, 1.3697388613333334
62070, 1.3697406213333334
62100, 1.3697424476666666
62130, 1.3697443403333331
62160, 1.3697462993333334
62190, 1.3697483246666666
62220, 1.3697504163333334
62250, 1.3697525746666668
62280, 1.3697547993333332
62310, 1.3697570906666667
62340, 1.3697594486666667
62370, 1.3697618729999999
62400, 1.3697643643333335
62430, 1.3697669223333333
62460, 1.369769547
62490, 1.3697722383333333
62520, 1.3697749966666668
62550, 1.3697778216666665
62580, 1.3697807136666666
62610, 1.3697836726666668
62640, 1.3697866986666667
62670, 1.3697897916666666
62700, 1.3697929516666665
62730, 1.3697961786666666
62760, 1.369799473
62790, 1.3698028343333333
62820, 1.3698062626666667
62850, 1.3698097583333333
62880, 1.3698133213333334
62910, 1.3698169516666667
62940, 1.3698206493333334
62970, 1.369824414
63000, 1.3698282463333333
63030, 1.369832146
63060, 1.3698361133333332
63090, 1.369840148
63120, 1.36984425
63150, 1.3698484196666667
63180, 1.369852657
63210, 1.3698569616666667
63240, 1.3698613343333332
63270, 1.3698657743333333
63300, 1.369870282
63330, 1.3698748576666666
63360, 1.369879501
63390, 1.369884212
63420, 1.3698889906666667
63450, 1.3698938373333334
63480, 1.369898752
63510, 1.3699037343333333
63540, 1.3699087846666667
63570, 1.369913903
63600, 1.369919089
63630, 1.3699243433333335
63660, 1.3699296656666666
63690, 1.3699350556666665
63720, 1.369940514
63750, 1.3699460403333332
63780, 1.369951635
63810, 1.3699572976666667
63840, 1.3699630283333335
63870, 1.3699688273333332
63900, 1.3699746946666667
63930, 1.3699806300000001
63960, 1.3699866336666666
63990, 1.3699927053333334
64020, 1.3699988456666667
64050, 1.3700050543333333
64080, 1.370011331
64110, 1.3700176763333334
64140, 1.37002409
64170, 1.3700305720000001
64200, 1.3700371223333332
64230, 1.370043741
64260, 1.3700504283333332
64290, 1.370057184
64320, 1.3700640083333333
64350, 1.3700709009999998
64380, 1.3700778623333332
64410, 1.370084892
64440, 1.3700919906666666
64470, 1.3700991573333332
64500, 1.370106393
64530, 1.370113697
64560, 1.37012107
64590, 1.3701285113333332
64620, 1.3701360213333333
64650, 1.3701436
64680, 1.3701512473333335
64710, 1.3701589636666667
64740, 1.3701667483333333
64770, 1.3701746019999999
64800, 1.3701825243333334
64830, 1.3701905153333334
64860, 1.370198575
64890, 1.3702067036666667
64920, 1.370214901
64950, 1.370223167
64980, 1.370231502
65010, 1.3702399056666668
65040, 1.3702483783333332
65070, 1.3702569196666667
65100, 1.37026553
65130, 1.370274209
65160, 1.370282957
65190, 1.370291774
65220, 1.3703006596666667
65250, 1.3703096143333333
65280, 1.3703186379999999
65310, 1.3703277306666668
65340, 1.370336892
65370, 1.3703461223333333
65400, 1.3703554213333333
65430, 1.3703647896666666
65460, 1.3703742266666665
65490, 1.3703837326666666
65520, 1.3703933076666666
65550, 1.3704029516666665
65580, 1.3704126646666668
65610, 1.3704224466666666
65640, 1.3704322976666667
65670, 1.3704422173333333
65700, 1.3704522063333333
65730, 1.3704622640000002
65760, 1.3704723906666667
65790, 1.3704825866666668
65820, 1.3704928513333334
65850, 1.370503185
65880, 1.3705135876666668
65910, 1.3705240593333332
65940, 1.3705346003333334
65970, 1.3705452100000002
66000, 1.3705558886666667
66030, 1.3705666363333333
66060, 1.3705774530000001
66090, 1.3705883386666666
66120, 1.3705992933333333
66150, 1.370610317
66180, 1.3706214096666667
66210, 1.3706325713333334
66240, 1.3706438016666667
66270, 1.3706551013333332
66300, 1.37066647
66330, 1.3706779073333333
66360, 1.3706894139999999
66390, 1.3707009893333333
66420, 1.3707126336666666
66450, 1.3707243470000001
66480, 1.3707361293333333
66510, 1.3707479806666667
66540, 1.3707599006666666
66570, 1.3707718899999999
66600, 1.3707839480000001
66630, 1.3707960750000001
66660, 1.3708082706666667
66690, 1.3708205356666667
66720, 1.370832869
66750, 1.3708452716666666
66780, 1.3708577430000002
66810, 1.3708702833333335
66840, 1.3708828926666667
66870, 1.3708955706666666
66900, 1.3709083173333334
66930, 1.3709211330000002
66960, 1.3709340176666667
66990, 1.3709469706666668
67020, 1.370959993
67050, 1.3709730836666667
67080, 1.3709862433333333
67110, 1.3709994716666667
67140, 1.371012769
67170, 1.371026135
67200, 1.3710395696666666
67230, 1.3710530730000001
67260, 1.371066645
67290, 1.3710802856666666
67320, 1.371093995
67350, 1.3711077729999999
67380, 1.3711216196666667
67410, 1.371135535
67440, 1.371149519
67470, 1.3711635713333334
67500, 1.3711776923333334
67530, 1.371191882
67560, 1.3712061403333333
67590, 1.371220467
67620, 1.3712348623333335
67650, 1.371249326
67680, 1.371263858
67710, 1.3712784586666666
67740, 1.3712931276666667
67770, 1.3713078653333335
67800, 1.371322671
67830, 1.3713375453333334
67860, 1.371352488
67890, 1.371367499
67920, 1.371382578
67950, 1.3713977256666667
67980, 1.3714129413333334
68010, 1.3714282253333332
68040, 1.3714435776666667
68070, 1.3714589983333334
68100, 1.3714744870000002
68130, 1.3714900436666666
68160, 1.3715056686666667
68190, 1.3715213616666668
68220, 1.371537123
68250, 1.3715529519999998
68280, 1.3715688493333333
68310, 1.3715848146666665
68340, 1.371600848
68370, 1.3716169493333334
68400, 1.3716331183333335
68430, 1.3716493553333333
68460, 1.3716656603333333
68490, 1.3716820333333333
68520, 1.3716984736666666
68550, 1.3717149823333332
68580, 1.3717315583333334
68610, 1.3717482023333334
68640, 1.371764914
68670, 1.3717816933333333
68700, 1.3717985403333333
68730, 1.3718154550000001
68760, 1.3718324373333333
68790, 1.371849487
68820, 1.3718666046666665
68850, 1.3718837893333333
68880, 1.3719010416666666
68910, 1.3719183613333332
68940, 1.3719357486666668
68970, 1.3719532033333333
69000, 1.3719707250000002
69030, 1.3719883143333333
69060, 1.3720059709999999
69090, 1.3720236946666668
69120, 1.3720414856666665
69150, 1.3720593436666668
69180, 1.372077269
69210, 1.3720952616666666
69240, 1.372113321
69270, 1.3721314476666668
69300, 1.372149641
69330, 1.3721679016666668
69360, 1.372186229
69390, 1.3722046233333334
69420, 1.3722230846666668
69450, 1.3722416126666666
69480, 1.3722602073333332
69510, 1.372278869
69540, 1.3722975973333333
69570, 1.3723163923333332
69600, 1.372335254
69630, 1.372354182
69660, 1.3723731766666667
69690, 1.372392238
69720, 1.3724113656666668
69750, 1.37243056
69780, 1.3724498203333333
69810, 1.3724691473333335
69840, 1.3724885403333333
69870, 1.372508
69900, 1.3725275256666667
69930, 1.3725471176666668
69960, 1.3725667756666666
69990, 1.3725864996666668
70020, 1.37260629
70050, 1.372626146
70080, 1.3726460683333332
70110, 1.3726660563333333
70140, 1.3726861103333332
70170, 1.37270623
70200, 1.3727264156666665
70230, 1.372746667
70260, 1.3727669839999999
70290, 1.3727873666666668
70320, 1.372807815
70350, 1.372828329
70380, 1.3728489083333333
70410, 1.3728695533333333
70440, 1.3728902633333335
70470, 1.372911039
70500, 1.37293188
70530, 1.3729527863333333
70560, 1.3729737576666667
70590, 1.3729947943333332
70620, 1.373015896
70650, 1.373037063
70680, 1.3730582949999999
70710, 1.3730795916666667
70740, 1.3731009533333334
70770, 1.3731223799999999
70800, 1.3731438716666666
70830, 1.3731654276666667
70860, 1.3731870486666666
70890, 1.3732087343333335
70920, 1.3732304846666665
70950, 1.3732522993333334
70980, 1.3732741786666667
71010, 1.3732961226666667
71040, 1.3733181306666666
71070, 1.3733402033333333
71100, 1.37336234
71130, 1.3733845413333332
71160, 1.3734068063333333
71190, 1.3734291360000002
71220, 1.3734515293333334
71250, 1.3734739866666668
71280, 1.3734965083333335
71310, 1.3735190936666668
71340, 1.3735417426666665
71370, 1.3735644556666666
71400, 1.3735872326666665
71430, 1.373610073
71460, 1.373632977
71490, 1.3736559446666667
71520, 1.3736789756666667
71550, 1.3737020703333334
71580, 1.3737252279999999
71610, 1.3737484493333334
71640, 1.3737717340000002
71670, 1.3737950816666666
71700, 1.3738184923333334
71730, 1.3738419663333334
71760, 1.3738655033333333
71790, 1.3738891033333334
71820, 1.3739127660000001
71850, 1.3739364916666668
71880, 1.3739602803333333
71910, 1.3739841313333334
71940, 1.3740080453333334
71970, 1.3740320216666666
72000, 1.3740560606666665
72030, 1.3740801619999998
72060, 1.3741043256666667
72090, 1.374128552
72120, 1.3741528403333334
72150, 1.374177191
72180, 1.3742016036666667
72210, 1.3742260783333333
72240, 1.3742506153333334
72270, 1.374275214
72300, 1.3742998746666668
72330, 1.3743245973333333
72360, 1.3743493813333332
72390, 1.3743742273333333
72420, 1.3743991346666666
72450, 1.3744241036666667
72480, 1.3744491343333334
72510, 1.3744742259999998
72540, 1.3744993793333333
72570, 1.374524594
72600, 1.3745498696666667
72630, 1.3745752063333332
72660, 1.3746006043333334
72690, 1.3746260633333334
72720, 1.374651583
72750, 1.3746771636666666
72780, 1.3747028049999999
72810, 1.3747285073333333
72840, 1.3747542700000002
72870, 1.3747800933333334
72900, 1.374805977
72930, 1.3748319213333333
72960, 1.374857926
72990, 1.3748839906666666
73020, 1.3749101160000001
73050, 1.3749363010000002
73080, 1.3749625463333335
73110, 1.3749888516666666
73140, 1.3750152166666667
73170, 1.3750416416666666
73200, 1.3750681263333333
73230, 1.3750946706666667
73260, 1.3751212746666668
73290, 1.3751479383333334
73320, 1.3751746613333333
73350, 1.3752014436666669
73380, 1.375228285
73410, 1.375255186
73440, 1.375282146
73470, 1.375309165
73500, 1.3753362433333334
73530, 1.3753633803333332
73560, 1.375390576
73590, 1.3754178306666667
73620, 1.375445144
73650, 1.3754725156666667
73680, 1.375499946
73710, 1.375527435
73740, 1.375554982
73770, 1.3755825876666667
73800, 1.3756102513333333
73830, 1.375637973
73860, 1.3756657526666667
73890, 1.3756935906666667
73920, 1.3757214863333334
73950, 1.3757494396666667
73980, 1.3757774506666667
74010, 1.3758055196666668
74040, 1.375833646
74070, 1.3758618296666667
74100, 1.3758900706666668
74130, 1.3759183693333332
74160, 1.3759467250000001
74190, 1.3759751376666667
74220, 1.3760036076666666
74250, 1.3760321343333335
74280, 1.376060718
74310, 1.3760893586666667
74340, 1.3761180556666666
74370, 1.3761468096666667
74400, 1.37617562
74430, 1.3762044866666667
74460, 1.3762334096666666
74490, 1.3762623893333332
74520, 1.376291425
74550, 1.3763205166666668
74580, 1.3763496643333333
74610, 1.376378868
74640, 1.3764081273333333
74670, 1.3764374426666666
74700, 1.3764668136666667
74730, 1.3764962399999998
74760, 1.376525722
74790, 1.3765552593333334
74820, 1.376584852
74850, 1.3766144996666665
74880, 1.3766442026666665
74910, 1.3766739606666665
74940, 1.3767037736666665
74970, 1.3767336416666667
75000, 1.3767635643333334
75030, 1.3767935413333334
75060, 1.3768235733333334
75090, 1.3768536596666667
75120, 1.3768838003333335
75150, 1.3769139953333334
75180, 1.3769442446666667
75210, 1.376974548
75240, 1.3770049053333333
75270, 1.3770353166666667
75300, 1.3770657816666667
75330, 1.3770963006666668
75360, 1.3771268733333333
75390, 1.3771574993333333
75420, 1.377188179
75450, 1.3772189116666667
75480, 1.377249698
75510, 1.3772805373333332
75540, 1.3773114296666666
75570, 1.3773423753333334
75600, 1.3773733736666667
75630, 1.3774044246666668
75660, 1.3774355283333335
75690, 1.3774666850000001
75720, 1.3774978936666666
75750, 1.377529155
75780, 1.3775604686666667
75810, 1.3775918346666667
75840, 1.3776232526666667
75870, 1.3776547223333333
75900, 1.3776862443333333
75930, 1.377717818
75960, 1.3777494433333333
75990, 1.3777811203333334
76020, 1.3778128490000001
76050, 1.377844629
76080, 1.37787646
76110, 1.3779083426666667
76140, 1.3779402763333333
76170, 1.377972261
76200, 1.3780042963333332
76230, 1.3780363826666668
76260, 1.3780685196666667
76290, 1.3781007073333333
76320, 1.3781329456666667
76350, 1.3781652343333335
76380, 1.378197573
76410, 1.3782299623333334
76440, 1.3782624013333333
76470, 1.3782948906666668
76500, 1.3783274296666665
76530, 1.3783600186666667
76560, 1.378392657
76590, 1.3784253453333333
76620, 1.3784580826666666
76650, 1.3784908696666667
76680, 1.378523706
76710, 1.3785565913333333
76740, 1.378589526
76770, 1.3786225093333333
76800, 1.3786555416666666
76830, 1.3786886226666666
76860, 1.3787217523333333
76890, 1.3787549303333333
76920, 1.378788157
76950, 1.3788214319999998
76980, 1.378854755
77010, 1.3788881263333335
77040, 1.3789215453333334
77070, 1.3789550126666668
77100, 1.3789885273333333
77130, 1.3790220899999999
77160, 1.3790557
77190, 1.3790893576666665
77220, 1.3791230626666666
77250, 1.3791568146666666
77280, 1.379190614
77310, 1.3792244603333332
77340, 1.3792583533333334
77370, 1.3792922933333334
77400, 1.3793262800000001
77430, 1.3793603133333332
77460, 1.379394393
77490, 1.3794285190000002
77520, 1.3794626913333332
77550, 1.3794969099999999
77580, 1.3795311743333334
77610, 1.3795654846666665
77640, 1.379599841
77670, 1.3796342426666666
77700, 1.3796686903333335
77730, 1.379703183
77760, 1.3797377213333333
77790, 1.3797723050000001
77820, 1.3798069333333334
77850, 1.3798416070000001
77880, 1.3798763256666666
77910, 1.379911089
77940, 1.3799458969999998
77970, 1.3799807493333334
78000, 1.3800156463333333
78030, 1.3800505876666667
78060, 1.3800855733333335
78090, 1.3801206026666666
78120, 1.3801556763333334
78150, 1.3801907936666666
78180, 1.380225955
78210, 1.3802611596666667
78240, 1.3802964083333333
78270, 1.3803317
78300, 1.3803670350000001
78330, 1.3804024129999999
78360, 1.3804378343333332
78390, 1.3804732986666666
78420, 1.3805088056666666
78450, 1.3805443553333334
78480, 1.3805799476666667
78510, 1.3806155823333333
78540, 1.3806512593333333
78570, 1.3806869786666667
78600, 1.3807227403333333
78630, 1.3807585436666667
78660, 1.380794389
78690, 1.380830276
78720, 1.3808662046666667
78750, 1.3809021750000001
78780, 1.3809381866666668
78810, 1.3809742396666667
78840, 1.3810103336666666
78870, 1.3810464686666666
78900, 1.3810826446666666
78930, 1.3811188616666668
78960, 1.381155119
78990, 1.381191417
79020, 1.3812277556666666
79050, 1.3812641343333334
79080, 1.3813005533333333
79110, 1.3813370123333333
79140, 1.3813735113333332
79170, 1.38141005
79200, 1.3814466286666667
79230, 1.3814832466666667
79260, 1.3815199043333333
79290, 1.3815566013333334
79320, 1.3815933373333333
79350, 1.3816301126666666
79380, 1.3816669266666666
79410, 1.3817037796666667
79440, 1.3817406713333333
79470, 1.3817776016666667
79500, 1.3818145706666667
79530, 1.3818515776666667
79560, 1.381888623
79590, 1.3819257066666666
79620, 1.381962828
79650, 1.3819999873333333
79680, 1.3820371843333332
79710, 1.382074419
79740, 1.382111691
79770, 1.3821490006666668
79800, 1.3821863473333333
79830, 1.382223731
79860, 1.3822611516666667
79890, 1.3822986093333332
79920, 1.3823361036666666
79950, 1.3823736343333333
79980, 1.3824112020000001
80010, 1.3824488056666666
80040, 1.3824864453333332
80070, 1.3825241213333332
80100, 1.3825618333333334
80130, 1.3825995813333332
80160, 1.3826373646666665
80190, 1.3826751836666666
80220, 1.3827130383333333
80250, 1.382750928
80280, 1.382788853
80310, 1.3828268129999999
80340, 1.382864808
80370, 1.382902838
80400, 1.3829409023333332
80430, 1.3829790013333332
80460, 1.383017135
80490, 1.3830553026666668
80520, 1.3830935043333332
80550, 1.3831317403333334
80580, 1.3831700100000002
80610, 1.3832083136666666
80640, 1.383246651
80670, 1.3832850216666668
80700, 1.3833234256666667
80730, 1.383361863
80760, 1.3834003333333333
80790, 1.3834388370000001
80820, 1.3834773733333334
80850, 1.3835159419999998
80880, 1.3835545436666667
80910, 1.3835931776666666
80940, 1.3836318440000002
80970, 1.3836705426666667
81000, 1.3837092733333334
81030, 1.383748036
81060, 1.3837868303333334
81090, 1.3838256563333333
81120, 1.3838645136666667
81150, 1.3839034026666666
81180, 1.3839423229999999
81210, 1.3839812743333333
81240, 1.3840202563333333
81270, 1.3840592696666667
81300, 1.3840983136666667
81330, 1.3841373879999999
81360, 1.384176493
81390, 1.3842156283333333
81420, 1.3842547939999998
81450, 1.3842939896666666
81480, 1.384333215
81510, 1.3843724703333333
81540, 1.3844117553333333
81570, 1.3844510696666665
81600, 1.3844904136666667
81630, 1.3845297866666666
81660, 1.384569189
81690, 1.38460862
81720, 1.3846480803333334
81750, 1.384687569
81780, 1.3847270863333332
81810, 1.3847666319999998
81840, 1.3848062063333333
81870, 1.3848458083333333
81900, 1.3848854386666667
81930, 1.384925097
81960, 1.384964783
81990, 1.3850044963333332
82020, 1.3850442376666667
82050, 1.385084006
82080, 1.3851238016666665
82110, 1.3851636243333334
82140, 1.385203474
82170, 1.3852433503333335
82200, 1.3852832533333335
82230, 1.3853231830000001
82260, 1.385363139
82290, 1.3854031213333333
82320, 1.3854431296666667
82350, 1.3854831639999998
82380, 1.385523224
82410, 1.38556331
82440, 1.3856034213333333
82470, 1.3856435583333333
82500, 1.3856837203333332
82530, 1.3857239076666665
82560, 1.38576412
82590, 1.3858043569999998
82620, 1.385844619
82650, 1.3858849053333333
82680, 1.3859252163333333
82710, 1.3859655513333333
82740, 1.386005911
82770, 1.3860462943333334
82800, 1.3860867016666665
82830, 1.3861271326666667
82860, 1.3861675873333335
82890, 1.3862080653333335
82920, 1.3862485666666666
82950, 1.3862890913333332
82980, 1.386329639
83010, 1.3863702096666668
83040, 1.386410803
83070, 1.3864514190000001
83100, 1.3864920573333332
83130, 1.3865327183333334
83160, 1.3865734013333333
83190, 1.3866141063333335
83220, 1.3866548333333333
83250, 1.386695582
83280, 1.3867363523333334
83310, 1.3867771443333332
83340, 1.3868179573333332
83370, 1.386858792
83400, 1.3868996473333333
83430, 1.3869405240000001
83460, 1.386981421
83490, 1.3870223389999998
83520, 1.3870632773333333
83550, 1.387104236
83580, 1.3871452149999999
83610, 1.387186214
83640, 1.387227233
83670, 1.387268272
83700, 1.3873093303333333
83730, 1.3873504079999999
83760, 1.3873915053333332
83790, 1.387432622
83820, 1.3874737573333333
83850, 1.387514912
83880, 1.3875560853333333
83910, 1.387597277
83940, 1.3876384876666665
83970, 1.3876797163333332
84000, 1.3877209633333334
84030, 1.3877622283333335
84060, 1.3878035113333334
84090, 1.3878448123333333
84120, 1.3878861306666666
84150, 1.3879274663333332
84180, 1.3879688196666666
84210, 1.3880101903333333
84240, 1.3880515776666666
84270, 1.3880929823333334
84300, 1.3881344033333334
84330, 1.3881758413333334
84360, 1.3882172956666667
84390, 1.3882587663333332
84420, 1.388300253
84450, 1.388341756
84480, 1.388383275
84510, 1.3884248093333333
84540, 1.3884663596666666
84570, 1.3885079253333334
84600, 1.3885495063333333
84630, 1.3885911023333333
84660, 1.3886327136666667
84690, 1.3886743396666668
84720, 1.3887159806666667
84750, 1.388757636
84780, 1.3887993060000001
84810, 1.38884099
84840, 1.3888826883333334
84870, 1.3889244010000001
84900, 1.388966127
84930, 1.389007867
84960, 1.3890496206666667
84990, 1.3890913876666666
85020, 1.3891331679999999
85050, 1.3891749613333333
85080, 1.3892167676666667
85110, 1.389258587
85140, 1.389300419
85170, 1.3893422633333334
85200, 1.3893841203333333
85230, 1.3894259893333334
85260, 1.3894678706666665
85290, 1.389509764
85320, 1.3895516689999998
85350, 1.389593586
85380, 1.389635514
85410, 1.3896774536666665
85440, 1.3897194046666668
85470, 1.3897613666666666
85500, 1.3898033396666665
85530, 1.3898453233333334
85560, 1.3898873176666668
85590, 1.3899293226666667
85620, 1.3899713379999998
85650, 1.3900133633333334
85680, 1.390055399
85710, 1.3900974443333334
85740, 1.3901394993333334
85770, 1.3901815643333333
85800, 1.3902236386666667
85830, 1.3902657219999999
85860, 1.3903078150000001
85890, 1.3903499166666666
85920, 1.3903920273333334
85950, 1.3904341466666668
85980, 1.3904762746666666
86010, 1.3905184113333333
86040, 1.390560556
86070, 1.3906027086666666
86100, 1.3906448696666667
86130, 1.3906870383333334
86160, 1.3907292146666665
86190, 1.3907713986666668
86220, 1.39081359
86250, 1.3908557886666666
86280, 1.3908979943333333
86310, 1.3909402069999999
86340, 1.3909824266666666
86370, 1.3910246526666667
86400, 1.3910668853333332
