0, 1.3487683993333333
30, 1.348753488
60, 1.3487386366666667
90, 1.348723846
120, 1.348709116
150, 1.3486944463333335
180, 1.3486798376666667
210, 1.34866529
240, 1.3486508033333333
270, 1.3486363780000001
300, 1.3486220136666667
330, 1.3486077113333332
360, 1.3485934700000002
390, 1.3485792906666667
420, 1.3485651733333335
450, 1.3485511176666667
480, 1.3485371243333333
510, 1.348523193
540, 1.348509324
570, 1.3484955176666666
600, 1.3484817736666668
630, 1.3484680926666668
660, 1.3484544743333333
690, 1.348440919
720, 1.3484274266666667
750, 1.3484139976666667
780, 1.348400632
810, 1.3483873296666666
840, 1.3483740910000002
870, 1.3483609163333334
900, 1.348347805
930, 1.348334758
960, 1.3483217746666667
990, 1.348308856
1020, 1.3482960013333334
1050, 1.348283211
1080, 1.3482704853333334
1110, 1.3482578246666668
1140, 1.3482452283333333
1170, 1.3482326973333334
1200, 1.348220231
1230, 1.34820783
1260, 1.348195494
1290, 1.3481832236666667
1320, 1.348171019
1350, 1.3481588796666666
1380, 1.348146806
1410, 1.3481347983333332
1440, 1.3481228566666668
1470, 1.3481109813333334
1500, 1.348099172
1530, 1.3480874286666666
1560, 1.3480757523333333
1590, 1.348064142
1620, 1.3480525986666667
1650, 1.3480411223333333
1680, 1.3480297126666665
1710, 1.34801837
1740, 1.3480070943333333
1770, 1.347995886
1800, 1.347984745
1830, 1.3479736716666666
1860, 1.3479626656666666
1890, 1.3479517276666666
1920, 1.3479408573333334
1950, 1.3479300546666668
1980, 1.3479193203333333
2010, 1.347908654
2040, 1.347898056
2070, 1.3478875263333334
2100, 1.3478770653333332
2130, 1.3478666726666668
2160, 1.3478563486666666
2190, 1.3478460936666665
2220, 1.3478359073333332
2250, 1.3478257903333335
2280, 1.3478157423333332
2310, 1.3478057633333334
2340, 1.347795854
2370, 1.347786014
2400, 1.3477762436666667
2430, 1.3477665426666665
2460, 1.3477569116666666
2490, 1.3477473506666668
2520, 1.3477378596666667
2550, 1.3477284383333332
2580, 1.3477190876666667
2610, 1.347709807
2640, 1.347700597
2670, 1.3476914573333332
2700, 1.3476823883333333
2730, 1.34767339
2760, 1.3476644626666667
2790, 1.347655606
2820, 1.3476468206666665
2850, 1.3476381063333334
2880, 1.3476294629999999
2910, 1.3476208913333334
2940, 1.347612391
2970, 1.3476039623333333
3000, 1.347595605
3030, 1.3475873196666666
3060, 1.347579106
3090, 1.3475709643333333
3120, 1.3475628946666667
3150, 1.3475548973333333
3180, 1.347546972
3210, 1.3475391190000001
3240, 1.3475313386666665
3270, 1.3475236306666667
3300, 1.3475159953333333
3330, 1.3475084326666666
3360, 1.347500943
3390, 1.347493526
3420, 1.3474861823333335
3450, 1.3474789116666666
3480, 1.3474717139999999
3510, 1.3474645896666666
3540, 1.3474575389999999
3570, 1.3474505616666668
3600, 1.347443658
3630, 1.3474368280000002
3660, 1.3474300716666665
3690, 1.3474233893333334
3720, 1.3474167806666666
3750, 1.3474102463333333
3780, 1.3474037859999999
3810, 1.3473974
3840, 1.3473910883333333
3870, 1.347384851
3900, 1.3473786883333334
3930, 1.3473726003333333
3960, 1.3473665866666666
3990, 1.347360648
4020, 1.3473547843333333
4050, 1.3473489953333333
4080, 1.3473432816666668
4110, 1.347337643
4140, 1.3473320793333334
4170, 1.3473265913333332
4200, 1.3473211783333334
4230, 1.3473158413333333
4260, 1.3473105796666667
4290, 1.3473053936666668
4320, 1.3473002833333334
4350, 1.3472952486666667
4380, 1.3472902903333333
4410, 1.3472854076666667
4440, 1.3472806013333334
4470, 1.3472758710000001
4500, 1.347271217
4530, 1.3472666393333335
4560, 1.347262138
4590, 1.3472577133333334
4620, 1.347253365
4650, 1.3472490936666668
4680, 1.347244899
4710, 1.347240781
4740, 1.34723674
4770, 1.347232776
4800, 1.347228889
4830, 1.3472250793333334
4860, 1.3472213466666667
4890, 1.3472176913333334
4920, 1.3472141136666667
4950, 1.3472106133333333
4980, 1.3472071903333334
5010, 1.3472038453333335
5040, 1.3472005776666667
5070, 1.3471973879999999
5100, 1.3471942763333333
5130, 1.3471912423333334
5160, 1.3471882863333335
5190, 1.3471854086666666
5220, 1.3471826089999999
5250, 1.3471798873333334
5280, 1.3471772443333334
5310, 1.3471746796666666
5340, 1.3471721933333334
5370, 1.3471697856666667
5400, 1.3471674566666667
5430, 1.3471652060000001
5460, 1.3471630343333334
5490, 1.3471609416666666
5520, 1.3471589276666667
5550, 1.3471569926666667
5580, 1.3471551366666668
5610, 1.3471533596666667
5640, 1.347151662
5670, 1.3471500436666666
5700, 1.3471485046666667
5730, 1.3471470449999998
5760, 1.3471456646666666
5790, 1.347144364
5820, 1.3471431426666667
5850, 1.3471420013333333
5880, 1.3471409396666667
5910, 1.3471399576666665
5940, 1.3471390556666667
5970, 1.3471382333333333
6000, 1.3471374913333334
6030, 1.3471368289999999
6060, 1.3471362473333335
6090, 1.3471357453333335
6120, 1.3471353240000001
6150, 1.3471349826666665
6180, 1.347134722
6210, 1.3471345413333333
6240, 1.3471344416666666
6270, 1.3471344223333332
6300, 1.3471344836666665
6330, 1.3471346256666668
6360, 1.3471348483333334
6390, 1.3471351520000001
6420, 1.3471355366666666
6450, 1.347136002
6480, 1.3471365483333333
6510, 1.347137176
6540, 1.3471378846666666
6570, 1.3471386743333333
6600, 1.3471395453333332
6630, 1.3471404976666665
6660, 1.3471415313333333
6690, 1.3471426463333334
6720, 1.347143843
6750, 1.3471451209999998
6780, 1.3471464806666669
6810, 1.347147922
6840, 1.3471494446666668
6870, 1.3471510493333334
6900, 1.347152736
6930, 1.3471545043333333
6960, 1.3471563546666665
6990, 1.3471582866666665
7020, 1.347160301
7050, 1.3471623973333333
7080, 1.3471645756666666
7110, 1.3471668363333333
7140, 1.347169179
7170, 1.3471716043333333
7200, 1.3471741116666667
7230, 1.3471767013333333
7260, 1.3471793736666666
7290, 1.3471821283333334
7320, 1.3471849656666666
7350, 1.3471878853333334
7380, 1.3471908876666667
7410, 1.3471939726666666
7440, 1.3471971406666667
7470, 1.3472003909999999
7500, 1.3472037243333332
7530, 1.3472071406666666
7560, 1.3472106396666665
7590, 1.3472142219999999
7620, 1.347217887
7650, 1.3472216350000001
7680, 1.3472254663333334
7710, 1.3472293806666666
7740, 1.347233378
7770, 1.3472374586666667
7800, 1.3472416226666668
7830, 1.34724587
7860, 1.3472502006666667
7890, 1.3472546146666666
7920, 1.347259112
7950, 1.347263693
7980, 1.3472683573333333
8010, 1.3472731053333333
8040, 1.347277937
8070, 1.3472828523333333
8100, 1.347287851
8130, 1.3472929336666668
8160, 1.3472981
8190, 1.34730335
8220, 1.347308684
8250, 1.3473141016666668
8280, 1.3473196033333332
8310, 1.347325189
8340, 1.3473308586666668
8370, 1.3473366123333332
8400, 1.34734245
8430, 1.3473483716666668
8460, 1.3473543773333332
8490, 1.3473604673333335
8520, 1.3473666416666668
8550, 1.3473729
8580, 1.3473792426666666
8610, 1.3473856693333333
8640, 1.3473921806666667
8670, 1.3473987760000001
8700, 1.347405456
8730, 1.3474122203333332
8760, 1.347419069
8790, 1.3474260023333333
8820, 1.34743302
8850, 1.3474401223333332
8880, 1.347447309
8910, 1.3474545803333333
8940, 1.3474619363333333
8970, 1.3474693770000001
9000, 1.347476902
9030, 1.3474845119999999
9060, 1.3474922066666668
9090, 1.3474999859999999
9120, 1.3475078503333333
9150, 1.3475157993333333
9180, 1.3475238330000001
9210, 1.3475319516666666
9240, 1.3475401553333333
9270, 1.3475484436666667
9300, 1.3475568169999999
9330, 1.3475652753333334
9360, 1.3475738186666666
9390, 1.3475824466666666
9420, 1.34759116
9450, 1.3475999583333333
9480, 1.3476088416666667
9510, 1.34761781
9540, 1.3476268633333333
9570, 1.347636002
9600, 1.3476452256666667
9630, 1.3476545343333333
9660, 1.3476639283333334
9690, 1.3476734076666668
9720, 1.3476829719999999
9750, 1.3476926216666667
9780, 1.3477023566666666
9810, 1.3477121766666667
9840, 1.347722082
9870, 1.3477320726666668
9900, 1.3477421486666668
9930, 1.3477523100000002
9960, 1.3477625566666667
9990, 1.3477728886666667
10020, 1.347783306
10050, 1.3477938086666668
10080, 1.3478043966666666
10110, 1.3478150703333334
10140, 1.347825829
10170, 1.3478366733333333
10200, 1.3478476033333333
10230, 1.3478586183333332
10260, 1.347869719
10290, 1.3478809053333332
10320, 1.347892177
10350, 1.347903534
10380, 1.3479149766666667
10410, 1.3479265046666666
10440, 1.3479381183333334
10470, 1.3479498173333333
10500, 1.347961602
10530, 1.3479734723333334
10560, 1.3479854279999999
10590, 1.3479974693333334
10620, 1.348009596
10650, 1.3480218083333333
10680, 1.3480341063333334
10710, 1.34804649
10740, 1.348058959
10770, 1.3480715136666666
10800, 1.348084154
10830, 1.3480968796666668
10860, 1.3481096913333335
10890, 1.3481225883333332
10920, 1.348135571
10950, 1.348148639
10980, 1.3481617926666667
11010, 1.3481750323333332
11040, 1.3481883573333333
11070, 1.3482017676666667
11100, 1.348215264
11130, 1.3482288456666667
11160, 1.348242513
11190, 1.348256266
11220, 1.3482701043333332
11250, 1.3482840286666666
11280, 1.3482980383333334
11310, 1.3483121333333334
11340, 1.3483263143333333
11370, 1.3483405806666666
11400, 1.3483549326666666
11430, 1.34836937
11460, 1.3483838933333334
11490, 1.348398502
11520, 1.348413196
11550, 1.3484279756666668
11580, 1.348442841
11610, 1.3484577916666667
11640, 1.348472828
11670, 1.3484879496666666
11700, 1.348503157
11730, 1.3485184496666667
11760, 1.348533828
11790, 1.3485492916666666
11820, 1.3485648406666666
11850, 1.3485804753333335
11880, 1.3485961953333332
11910, 1.348612001
11940, 1.3486278916666667
11970, 1.348643868
12000, 1.3486599296666666
12030, 1.3486760766666666
12060, 1.3486923093333334
12090, 1.348708627
12120, 1.34872503
12150, 1.3487415183333333
12180, 1.348758092
12210, 1.348774751
12240, 1.3487914953333333
12270, 1.348808325
12300, 1.3488252396666667
12330, 1.3488422396666666
12360, 1.348859325
12390, 1.3488764953333334
12420, 1.3488937506666667
12450, 1.3489110913333333
12480, 1.3489285173333334
12510, 1.3489460283333332
12540, 1.3489636243333334
12570, 1.3489813053333333
12600, 1.3489990716666667
12630, 1.3490169226666666
12660, 1.349034859
12690, 1.34905288
12720, 1.3490709863333334
12750, 1.3490891773333333
12780, 1.3491074533333332
12810, 1.3491258143333333
12840, 1.3491442599999999
12870, 1.3491627906666668
12900, 1.349181406
12930, 1.3492001063333334
12960, 1.3492188913333332
12990, 1.349237761
13020, 1.3492567156666666
13050, 1.3492757546666667
13080, 1.3492948786666668
13110, 1.349314087
13140, 1.34933338
13170, 1.3493527576666666
13200, 1.34937222
13230, 1.3493917666666668
13260, 1.349411398
13290, 1.3494311136666666
13320, 1.3494509136666666
13350, 1.3494707983333334
13380, 1.3494907673333334
13410, 1.3495108206666666
13440, 1.349530958
13470, 1.34955118
13500, 1.3495714859999999
13530, 1.3495918763333334
13560, 1.349612351
13590, 1.3496329093333335
13620, 1.3496535523333333
13650, 1.349674279
13680, 1.34969509
13710, 1.3497159846666666
13740, 1.3497369636666665
13770, 1.3497580263333333
13800, 1.349779173
13830, 1.3498004036666666
13860, 1.3498217179999998
13890, 1.349843116
13920, 1.349864598
13950, 1.3498861636666666
13980, 1.349907813
14010, 1.3499295456666667
14040, 1.3499513623333335
14070, 1.3499732623333334
14100, 1.3499952456666666
14130, 1.3500173126666668
14160, 1.3500394633333332
14190, 1.3500616970000001
14220, 1.3500840143333332
14250, 1.3501064146666668
14280, 1.3501288986666666
14310, 1.3501514653333333
14340, 1.3501741156666667
14370, 1.350196849
14400, 1.3502196653333334
14430, 1.3502425646666667
14460, 1.350265547
14490, 1.3502886123333333
14520, 1.3503117603333332
14550, 1.3503349916666667
14580, 1.3503583053333335
14610, 1.350381702
14640, 1.3504051813333333
14670, 1.3504287433333335
14700, 1.350452388
14730, 1.3504761153333333
14760, 1.3504999249999998
14790, 1.3505238173333334
14820, 1.3505477920000002
14850, 1.3505718489999998
14880, 1.3505959883333334
14910, 1.3506202096666666
14940, 1.3506445136666667
14970, 1.3506688996666667
15000, 1.3506933676666668
15030, 1.350717918
15060, 1.35074255
15090, 1.3507672640000001
15120, 1.35079206
15150, 1.3508169380000001
15180, 1.3508418976666665
15210, 1.3508669389999999
15240, 1.350892062
15270, 1.3509172666666667
15300, 1.350942553
15330, 1.3509679206666667
15360, 1.35099337
15390, 1.3510189006666666
15420, 1.3510445126666666
15450, 1.3510702060000002
15480, 1.3510959803333333
15510, 1.3511218360000001
15540, 1.3511477729999999
15570, 1.3511737906666668
15600, 1.3511998893333332
15630, 1.3512260693333333
15660, 1.3512523300000001
15690, 1.3512786713333333
15720, 1.3513050933333333
15750, 1.3513315963333332
15780, 1.3513581796666667
15810, 1.3513848436666667
15840, 1.3514115883333333
15870, 1.3514384133333333
15900, 1.3514653186666667
15930, 1.351492304
15960, 1.3515193699999999
15990, 1.351546516
16020, 1.3515737423333334
16050, 1.3516010483333332
16080, 1.3516284346666667
16110, 1.3516559006666669
16140, 1.3516834466666665
16170, 1.3517110723333332
16200, 1.3517387779999999
16230, 1.351766563
16260, 1.3517944276666667
16290, 1.3518223716666666
16320, 1.3518503953333334
16350, 1.3518784983333334
16380, 1.3519066806666669
16410, 1.351934942
16440, 1.3519632826666665
16470, 1.3519917026666666
16500, 1.3520202013333333
16530, 1.352048779
16560, 1.3520774356666667
16590, 1.352106171
16620, 1.3521349853333333
16650, 1.352163878
16680, 1.3521928493333333
16710, 1.3522218993333333
16740, 1.3522510276666666
16770, 1.3522802343333333
16800, 1.3523095193333334
16830, 1.3523388823333333
16860, 1.3523683236666666
16890, 1.352397843
16920, 1.3524274403333334
16950, 1.3524571156666667
16980, 1.3524868686666667
17010, 1.3525166996666667
17040, 1.352546608
17070, 1.3525765943333334
17100, 1.352606658
17130, 1.3526367990000001
17160, 1.3526670173333333
17190, 1.352697313
17220, 1.352727686
17250, 1.3527581359999998
17280, 1.352788663
17310, 1.3528192673333332
17340, 1.352849948
17370, 1.3528807056666665
17400, 1.3529115403333334
17430, 1.3529424513333332
17460, 1.3529734389999999
17490, 1.353004503
17520, 1.3530356433333335
17550, 1.35306686
17580, 1.353098153
17610, 1.3531295223333333
17640, 1.3531609673333334
17670, 1.3531924883333333
17700, 1.3532240853333333
17730, 1.3532557583333333
17760, 1.3532875066666665
17790, 1.3533193306666667
17820, 1.3533512303333333
17850, 1.3533832053333332
17880, 1.3534152556666665
17910, 1.3534473813333334
17940, 1.3534795823333332
17970, 1.353511858
18000, 1.353544209
18030, 1.353576635
18060, 1.3536091356666669
18090, 1.353641711
18120, 1.353674361
18150, 1.3537070853333335
18180, 1.3537398843333333
18210, 1.3537727576666667
18240, 1.3538057053333332
18270, 1.3538387273333334
18300, 1.3538718233333333
18330, 1.353904993
18360, 1.3539382370000002
18390, 1.3539715546666666
18420, 1.3540049459999999
18450, 1.3540384106666667
18480, 1.3540719493333333
18510, 1.3541055610000001
18540, 1.3541392463333333
18570, 1.3541730046666667
18600, 1.3542068363333333
18630, 1.3542407410000001
18660, 1.3542747186666666
18690, 1.354308769
18720, 1.3543428923333334
18750, 1.3543770883333335
18780, 1.3544113566666667
18810, 1.3544456973333332
18840, 1.3544801106666666
18870, 1.3545145963333334
18900, 1.3545491536666667
18930, 1.3545837836666668
18960, 1.3546184853333334
18990, 1.3546532586666666
19020, 1.354688104
19050, 1.3547230209999999
19080, 1.3547580096666667
19110, 1.3547930693333334
19140, 1.3548282006666665
19170, 1.3548634033333333
19200, 1.354898677
19230, 1.354934022
19260, 1.3549694376666668
19290, 1.3550049240000002
19320, 1.3550404813333332
19350, 1.3550761093333332
19380, 1.3551118076666666
19410, 1.3551475766666665
19440, 1.3551834156666667
19470, 1.355219325
19500, 1.3552553046666667
19530, 1.355291354
19560, 1.3553274733333334
19590, 1.3553636626666665
19620, 1.3553999213333332
19650, 1.3554362496666668
19680, 1.3554726476666668
19710, 1.3555091146666667
19740, 1.3555456513333335
19770, 1.3555822566666667
19800, 1.3556189313333333
19830, 1.355655675
19860, 1.3556924873333334
19890, 1.3557293683333334
19920, 1.3557663176666666
19950, 1.3558033356666666
19980, 1.3558404223333334
20010, 1.355877577
20040, 1.3559147996666667
20070, 1.3559520903333333
20100, 1.3559894493333333
20130, 1.3560268756666667
20160, 1.35606437
20190, 1.3561019316666667
20220, 1.356139561
20250, 1.3561772576666666
20280, 1.3562150213333333
20310, 1.3562528523333335
20340, 1.3562907503333332
20370, 1.356328715
20400, 1.3563667466666667
20430, 1.356404845
20460, 1.3564430096666666
20490, 1.356481241
20520, 1.3565195383333333
20550, 1.356557902
20580, 1.356596332
20610, 1.3566348276666667
20640, 1.356673389
20670, 1.3567120163333333
20700, 1.3567507093333333
20730, 1.3567894676666665
20760, 1.3568282913333334
20790, 1.3568671803333332
20820, 1.3569061343333333
20850, 1.3569451533333332
20880, 1.3569842373333334
20910, 1.357023386
20940, 1.3570625993333334
20970, 1.357101877
21000, 1.3571412193333334
21030, 1.3571806256666668
21060, 1.3572200963333332
21090, 1.357259631
21120, 1.3572992296666668
21150, 1.357338892
21180, 1.357378618
21210, 1.3574184076666667
21240, 1.3574582603333334
21270, 1.3574981766666665
21300, 1.357538156
21330, 1.3575781986666666
21360, 1.357618304
21390, 1.357658472
21420, 1.3576987026666667
21450, 1.3577389960000001
21480, 1.3577793516666667
21510, 1.3578197696666665
21540, 1.35786025
21570, 1.357900792
21600, 1.357941396
21630, 1.357982062
21660, 1.3580227893333332
21690, 1.3580635783333332
21720, 1.3581044286666666
21750, 1.3581453403333335
21780, 1.358186313
21810, 1.3582273466666668
21840, 1.3582684413333335
21870, 1.3583095966666667
21900, 1.3583508126666666
21930, 1.358392089
21960, 1.3584334256666666
21990, 1.3584748226666665
22020, 1.3585162796666668
22050, 1.3585577966666667
22080, 1.3585993736666666
22110, 1.3586410100000001
22140, 1.3586827060000002
22170, 1.3587244616666667
22200, 1.3587662763333335
22230, 1.3588081503333334
22260, 1.358850083
22290, 1.358892075
22320, 1.3589341256666667
22350, 1.3589762346666667
22380, 1.3590184023333334
22410, 1.3590606283333333
22440, 1.3591029126666667
22470, 1.359145255
22500, 1.359187655
22530, 1.359230113
22560, 1.3592726286666668
22590, 1.3593152020000001
22620, 1.3593578326666667
22650, 1.3594005206666668
22680, 1.3594432656666668
22710, 1.3594860676666667
22740, 1.3595289263333334
22770, 1.359571842
22800, 1.3596148140000002
22830, 1.3596578426666666
22860, 1.3597009273333334
22890, 1.3597440683333333
22920, 1.3597872653333332
22950, 1.3598305179999999
22980, 1.3598738266666666
23010, 1.359917191
23040, 1.3599606106666668
23070, 1.3600040853333333
23100, 1.3600476156666668
23130, 1.3600912006666666
23160, 1.3601348406666667
23190, 1.3601785353333333
23220, 1.3602222846666667
23250, 1.3602660886666667
23280, 1.3603099466666666
23310, 1.360353859
23340, 1.3603978253333333
23370, 1.3604418456666667
23400, 1.3604859196666668
23430, 1.360530047
23460, 1.360574228
23490, 1.3606184626666666
23520, 1.3606627500000001
23550, 1.3607070906666667
23580, 1.3607514840000001
23610, 1.3607959299999999
23640, 1.3608404286666667
23670, 1.36088498
23700, 1.3609295833333332
23730, 1.360974239
23760, 1.3610189466666667
23790, 1.3610637063333333
23820, 1.3611085173333333
23850, 1.3611533800000002
23880, 1.3611982943333334
23910, 1.3612432596666666
23940, 1.3612882763333334
23970, 1.361333344
24000, 1.3613784623333332
24030, 1.3614236313333332
24060, 1.3614688506666666
24090, 1.3615141206666665
24120, 1.361559441
24150, 1.3616048109999999
24180, 1.3616502313333332
24210, 1.3616957013333333
24240, 1.361741221
24270, 1.36178679
24300, 1.3618324083333333
24330, 1.361878076
24360, 1.3619237923333334
24390, 1.361969558
24420, 1.3620153720000001
24450, 1.362061235
24480, 1.362107146
24510, 1.3621531056666667
24540, 1.362199113
24570, 1.3622451686666668
24600, 1.362291272
24630, 1.362337423
24660, 1.3623836216666665
24690, 1.3624298673333333
24720, 1.3624761606666667
24750, 1.3625225006666668
24780, 1.3625688876666666
24810, 1.3626153213333332
24840, 1.3626618016666667
24870, 1.3627083283333332
24900, 1.3627549013333333
24930, 1.3628015206666668
24960, 1.3628481856666665
24990, 1.3628948966666665
25020, 1.3629416533333334
25050, 1.3629884553333333
25080, 1.3630353026666666
25110, 1.3630821953333334
25140, 1.3631291326666666
25170, 1.3631761153333333
25200, 1.3632231423333334
25230, 1.3632702143333335
25260, 1.3633173303333335
25290, 1.3633644906666667
25320, 1.3634116953333333
25350, 1.3634589436666666
25380, 1.3635062356666667
25410, 1.3635535713333333
25440, 1.3636009506666666
25470, 1.3636483733333333
25500, 1.3636958386666667
25530, 1.3637433473333334
25560, 1.3637908986666667
25590, 1.363838493
25620, 1.3638861293333335
25650, 1.3639338083333334
25680, 1.3639815293333335
25710, 1.3640292926666666
25740, 1.3640770973333334
25770, 1.364124944
25800, 1.3641728323333333
25830, 1.364220762
25860, 1.3642687326666667
25890, 1.3643167443333333
25920, 1.3643647970000001
25950, 1.3644128906666666
25980, 1.3644610243333333
26010, 1.364509199
26040, 1.3645574133333334
26070, 1.3646056683333332
26100, 1.3646539626666667
26130, 1.3647022973333334
26160, 1.3647506710000001
26190, 1.3647990846666667
26220, 1.364847537
26250, 1.364896029
26280, 1.3649445596666667
26310, 1.364993129
26340, 1.365041737
26370, 1.3650903836666666
26400, 1.3651390683333333
26430, 1.3651877913333335
26460, 1.365236552
26490, 1.3652853506666667
26520, 1.365334187
26550, 1.3653830606666668
26580, 1.3654319716666665
26610, 1.3654809196666666
26640, 1.3655299046666667
26670, 1.3655789266666667
26700, 1.3656279853333333
26730, 1.36567708
26760, 1.3657262113333333
26790, 1.3657753786666667
26820, 1.365824582
26850, 1.3658738213333335
26880, 1.365923096
26910, 1.365972406
26940, 1.3660217516666666
26970, 1.3660711323333334
27000, 1.3661205476666667
27030, 1.3661699983333333
27060, 1.3662194833333332
27090, 1.3662690026666666
27120, 1.3663185563333333
27150, 1.3663681443333333
27180, 1.366417766
27210, 1.3664674216666666
27240, 1.3665171106666667
27270, 1.3665668333333334
27300, 1.3666165893333333
27330, 1.3666663783333335
27360, 1.3667162
27390, 1.3667660546666667
27420, 1.366815942
27450, 1.3668658616666667
27480, 1.3669158136666668
27510, 1.3669657976666667
27540, 1.3670158136666668
27570, 1.3670658613333333
27600, 1.3671159406666666
27630, 1.3671660513333335
27660, 1.3672161933333333
27690, 1.3672663663333333
27720, 1.36731657
27750, 1.3673668046666667
27780, 1.3674170696666665
27810, 1.3674673653333334
27840, 1.367517691
27870, 1.3675680466666666
27900, 1.3676184323333334
27930, 1.3676688476666667
27960, 1.3677192923333332
27990, 1.3677697666666666
28020, 1.3678202696666666
28050, 1.367870802
28080, 1.3679213633333334
28110, 1.367971953
28140, 1.3680225713333334
28170, 1.3680732176666666
28200, 1.3681238926666666
28230, 1.3681745953333333
28260, 1.3682253256666665
28290, 1.3682760836666668
28320, 1.368326869
28350, 1.368377682
28380, 1.3684285216666667
28410, 1.3684793886666666
28440, 1.368530282
28470, 1.368581202
28500, 1.3686321486666666
28530, 1.3686831213333333
28560, 1.3687341199999998
28590, 1.3687851446666668
28620, 1.3688361949999999
28650, 1.3688872706666666
28680, 1.3689383720000001
28710, 1.3689894983333333
28740, 1.3690406496666667
28770, 1.3690918256666667
28800, 1.3691430266666667
28830, 1.369194252
28860, 1.3692455013333333
28890, 1.3692967749999998
28920, 1.3693480726666667
28950, 1.369399394
28980, 1.369450739
29010, 1.3695021073333333
29040, 1.369553499
29070, 1.3696049136666666
29100, 1.3696563513333333
29130, 1.3697078116666668
29160, 1.3697592943333334
29190, 1.3698107996666666
29220, 1.3698623269999999
29250, 1.3699138763333334
29280, 1.3699654473333331
29310, 1.3700170403333334
29340, 1.3700686546666665
29370, 1.37012029
29400, 1.3701719466666666
29430, 1.3702236243333334
29460, 1.3702753226666666
29490, 1.3703270416666666
29520, 1.3703787809999999
29550, 1.3704305406666668
29580, 1.3704823203333334
29610, 1.3705341199999999
29640, 1.370585939
29670, 1.3706377776666667
29700, 1.3706896356666667
29730, 1.370741513
29760, 1.370793409
29790, 1.370845324
29820, 1.3708972576666667
29850, 1.3709492096666667
29880, 1.37100118
29910, 1.3710531683333333
29940, 1.3711051746666667
29970, 1.3711571986666666
30000, 1.3712092403333334
30030, 1.3712612993333333
30060, 1.3713133753333333
30090, 1.3713654683333332
30120, 1.3714175783333333
30150, 1.371469705
30180, 1.371521848
30210, 1.3715740073333333
30240, 1.3716261829999998
30270, 1.3716783743333334
30300, 1.3717305813333334
30330, 1.3717828043333333
30360, 1.3718350423333334
30390, 1.3718872956666666
30420, 1.371939564
30450, 1.3719918473333335
30480, 1.372044145
30510, 1.3720964576666665
30540, 1.3721487843333333
30570, 1.3722011250000001
30600, 1.3722534796666666
30630, 1.3723058483333332
30660, 1.3723582303333333
30690, 1.372410626
30720, 1.3724630346666666
30750, 1.3725154566666666
30780, 1.3725678913333332
30810, 1.3726203386666667
30840, 1.3726727986666667
30870, 1.3727252706666666
30900, 1.372777755
30930, 1.3728302513333333
30960, 1.3728827593333335
30990, 1.3729352793333334
31020, 1.3729878103333333
31050, 1.3730403526666668
31080, 1.3730929060000001
31110, 1.3731454703333335
31140, 1.3731980453333335
31170, 1.3732506306666667
31200, 1.3733032266666667
31230, 1.3733558326666666
31260, 1.3734084486666667
31290, 1.3734610743333333
31320, 1.3735137096666667
31350, 1.3735663543333332
31380, 1.3736190083333333
31410, 1.3736716713333335
31440, 1.3737243433333335
31470, 1.373777024
31500, 1.373829713
31530, 1.3738824106666667
31560, 1.3739351163333333
31590, 1.3739878296666665
31620, 1.3740405513333334
31650, 1.3740932803333334
31680, 1.3741460166666666
31710, 1.3741987603333332
31740, 1.374251511
31770, 1.3743042686666667
31800, 1.374357033
31830, 1.3744098036666668
31860, 1.374462581
31890, 1.3745153643333334
31920, 1.3745681533333334
31950, 1.3746209486666667
31980, 1.3746737493333332
32010, 1.3747265553333332
32040, 1.3747793666666666
32070, 1.374832183
32100, 1.3748850043333334
32130, 1.37493783
32160, 1.3749906606666666
32190, 1.3750434953333333
32220, 1.3750963343333333
32250, 1.3751491773333333
32280, 1.375202024
32310, 1.3752548740000001
32340, 1.375307728
32370, 1.3753605846666668
32400, 1.3754134446666668
32430, 1.3754663076666667
32460, 1.3755191729999998
32490, 1.3755720409999999
32520, 1.3756249116666668
32550, 1.3756777839999998
32580, 1.3757306583333333
32610, 1.3757835346666667
32640, 1.3758364126666667
32670, 1.3758892916666665
32700, 1.3759421723333334
32730, 1.3759950536666667
32760, 1.376047936
32790, 1.3761008193333333
32820, 1.3761537026666668
32850, 1.3762065866666668
32880, 1.3762594706666667
32910, 1.3763123546666667
32940, 1.3763652383333334
32970, 1.3764181216666667
33000, 1.3764710043333332
33030, 1.3765238863333333
33060, 1.3765767673333333
33090, 1.376629647
33120, 1.3766825256666668
33150, 1.3767354026666665
33180, 1.376788278
33210, 1.3768411513333334
33240, 1.3768940226666666
33270, 1.376946892
33300, 1.3769997586666667
33330, 1.3770526226666666
33360, 1.377105484
33390, 1.3771583426666667
33420, 1.3772111976666668
33450, 1.3772640496666668
33480, 1.377316898
33510, 1.3773697426666667
33540, 1.3774225836666667
33570, 1.3774754203333333
33600, 1.3775282530000001
33630, 1.377581081
33660, 1.3776339046666666
33690, 1.3776867233333334
33720, 1.3777395369999998
33750, 1.3777923456666668
33780, 1.377845149
33810, 1.3778979466666668
33840, 1.3779507386666667
33870, 1.378003525
33900, 1.378056305
33930, 1.378109079
33960, 1.3781618463333334
33990, 1.3782146073333332
34020, 1.3782673613333334
34050, 1.3783201086666665
34080, 1.3783728486666667
34110, 1.3784255810000001
34140, 1.3784783063333335
34170, 1.3785310236666666
34200, 1.3785837333333333
34230, 1.3786364346666666
34260, 1.378689128
34290, 1.378741813
34320, 1.3787944893333333
34350, 1.3788471566666667
34380, 1.3788998153333334
34410, 1.3789524646666667
34440, 1.3790051046666667
34470, 1.379057735
34500, 1.379110356
34530, 1.379162967
34560, 1.379215568
34590, 1.3792681586666666
34620, 1.379320739
34650, 1.3793733086666666
34680, 1.3794258676666666
34710, 1.3794784156666666
34740, 1.3795309526666668
34770, 1.379583478
34800, 1.3796359923333332
34830, 1.3796884946666668
34860, 1.3797409853333333
34890, 1.3797934636666667
34920, 1.3798459299999999
34950, 1.379898384
34980, 1.3799508253333332
35010, 1.380003254
35040, 1.3800556696666666
35070, 1.380108072
35100, 1.3801604613333334
35130, 1.3802128370000002
35160, 1.3802651993333332
35190, 1.3803175476666667
35220, 1.380369882
35250, 1.380422202
35280, 1.3804745076666667
35310, 1.380526799
35340, 1.3805790753333333
35370, 1.380631337
35400, 1.3806835833333333
35430, 1.3807358146666668
35460, 1.3807880303333333
35490, 1.3808402303333334
35520, 1.3808924146666668
35550, 1.380944583
35580, 1.3809967353333332
35610, 1.381048871
35640, 1.3811009903333333
35670, 1.381153093
35700, 1.381205179
35730, 1.3812572476666667
35760, 1.381309299
35790, 1.381361333
35820, 1.3814133496666667
35850, 1.3814653483333335
35880, 1.381517329
35910, 1.3815692916666666
35940, 1.381621236
35970, 1.381673162
36000, 1.3817250693333334
36030, 1.3817769576666667
36060, 1.3818288269999999
36090, 1.3818806773333332
36120, 1.3819325083333334
36150, 1.3819843193333334
36180, 1.382036111
36210, 1.3820878826666667
36240, 1.3821396343333334
36270, 1.382191366
36300, 1.3822430766666667
36330, 1.3822947673333335
36360, 1.3823464366666667
36390, 1.3823980853333333
36420, 1.382449713
36450, 1.3825013193333333
36480, 1.382552904
36510, 1.382604467
36540, 1.3826560083333332
36570, 1.3827075273333334
36600, 1.3827590246666668
36630, 1.3828104993333334
36660, 1.3828619513333333
36690, 1.3829133809999998
36720, 1.3829647873333333
36750, 1.383016171
36780, 1.3830675313333334
36810, 1.383118868
36840, 1.3831701813333335
36870, 1.383221471
36900, 1.3832727366666666
36930, 1.383323978
36960, 1.3833751953333333
36990, 1.383426388
37020, 1.3834775559999999
37050, 1.3835286993333333
37080, 1.3835798176666667
37110, 1.383630911
37140, 1.3836819786666668
37170, 1.3837330209999998
37200, 1.3837840376666668
37230, 1.3838350286666667
37260, 1.3838859933333334
37290, 1.383936932
37320, 1.3839878443333333
37350, 1.38403873
37380, 1.384089589
37410, 1.3841404210000001
37440, 1.3841912263333334
37470, 1.3842420039999999
37500, 1.3842927546666668
37530, 1.3843434773333334
37560, 1.3843941726666669
37590, 1.3844448396666666
37620, 1.3844954790000001
37650, 1.3845460896666666
37680, 1.384596672
37710, 1.384647226
37740, 1.384697751
37770, 1.3847482469999999
37800, 1.384798714
37830, 1.3848491520000001
37860, 1.38489956
37890, 1.3849499386666666
37920, 1.3850002876666667
37950, 1.3850506063333334
37980, 1.385100895
38010, 1.3851511536666667
38040, 1.3852013816666666
38070, 1.3852515786666668
38100, 1.3853017453333334
38130, 1.3853518806666667
38160, 1.385401985
38190, 1.385452058
38220, 1.3855020996666667
38250, 1.3855521093333334
38280, 1.3856020873333332
38310, 1.3856520336666667
38340, 1.3857019473333332
38370, 1.385751829
38400, 1.385801678
38430, 1.3858514943333333
38460, 1.3859012776666666
38490, 1.3859510283333334
38520, 1.3860007456666665
38550, 1.3860504293333333
38580, 1.3861000799999998
38610, 1.3861496966666667
38640, 1.3861992796666667
38670, 1.3862488286666668
38700, 1.3862983433333333
38730, 1.3863478236666666
38760, 1.3863972696666667
38790, 1.386446681
38820, 1.3864960573333334
38850, 1.3865453986666665
38880, 1.3865947046666667
38910, 1.3866439756666666
38940, 1.386693211
38970, 1.3867424106666666
39000, 1.3867915743333334
39030, 1.3868407023333333
39060, 1.386889794
39090, 1.3869388493333334
39120, 1.3869878683333334
39150, 1.3870368503333332
39180, 1.3870857956666667
39210, 1.387134704
39240, 1.3871835753333335
39270, 1.3872324093333332
39300, 1.3872812056666668
39330, 1.3873299646666668
39360, 1.3873786856666668
39390, 1.3874273686666667
39420, 1.3874760133333333
39450, 1.38752462
39480, 1.3875731883333333
39510, 1.3876217176666668
39540, 1.3876702086666668
39570, 1.3877186603333334
39600, 1.387767073
39630, 1.3878154466666668
39660, 1.3878637806666665
39690, 1.387912075
39720, 1.3879603296666667
39750, 1.3880085446666666
39780, 1.3880567193333333
39810, 1.3881048536666667
39840, 1.3881529476666665
39870, 1.3882010013333335
39900, 1.3882490143333333
39930, 1.3882969863333334
39960, 1.388344917
39990, 1.388392807
40020, 1.3884406553333335
40050, 1.3884884623333333
40080, 1.3885362273333335
40110, 1.388583951
40140, 1.3886316323333332
40170, 1.3886792716666667
40200, 1.3887268686666667
40230, 1.3887744229999999
40260, 1.388821935
40290, 1.3888694043333334
40320, 1.3889168303333332
40350, 1.3889642136666667
40380, 1.3890115533333334
40410, 1.38905885
40440, 1.389106103
40470, 1.389153312
40500, 1.3892004773333333
40530, 1.3892475986666668
40560, 1.389294676
40590, 1.3893417086666666
40620, 1.389388697
40650, 1.3894356406666666
40680, 1.3894825396666666
40710, 1.3895293936666666
40740, 1.3895762023333333
40770, 1.389622966
40800, 1.389669684
40830, 1.3897163566666666
40860, 1.3897629833333334
40890, 1.3898095643333335
40920, 1.389856099
40950, 1.389902588
40980, 1.3899490303333333
41010, 1.389995426
41040, 1.3900417753333332
41070, 1.3900880776666666
41100, 1.3901343333333334
41130, 1.3901805416666666
41160, 1.3902267026666666
41190, 1.3902728163333333
41220, 1.3903188826666668
41250, 1.3903649009999999
41280, 1.3904108716666668
41310, 1.3904567943333335
41340, 1.3905026686666668
41370, 1.3905484946666669
41400, 1.3905942723333333
41430, 1.3906400013333333
41460, 1.3906856816666666
41490, 1.390731313
41520, 1.3907768953333333
41550, 1.3908224283333335
41580, 1.390867912
41610, 1.3909133463333334
41640, 1.390958731
41670, 1.3910040656666667
41700, 1.3910493506666666
41730, 1.3910945853333334
41760, 1.3911397696666665
41790, 1.3911849036666668
41820, 1.3912299873333334
41850, 1.3912750203333333
41880, 1.3913200023333332
41910, 1.3913649333333333
41940, 1.3914098133333335
41970, 1.391454642
42000, 1.3914994189999998
42030, 1.3915441446666665
42060, 1.3915888186666667
42090, 1.3916334406666666
42120, 1.391678011
42150, 1.391722529
42180, 1.3917669946666666
42210, 1.3918114076666666
42240, 1.3918557683333332
42270, 1.3919000763333333
42300, 1.3919443313333333
42330, 1.3919885336666666
42360, 1.3920326826666667
42390, 1.392076778
42420, 1.3921208203333333
42450, 1.392164809
42480, 1.392208744
42510, 1.392252625
42540, 1.392296452
42570, 1.392340225
42600, 1.3923839436666667
42630, 1.3924276076666668
42660, 1.3924712173333333
42690, 1.3925147723333333
42720, 1.3925582723333334
42750, 1.3926017176666667
42780, 1.3926451076666668
42810, 1.3926884423333332
42840, 1.3927317216666668
42870, 1.3927749453333333
42900, 1.3928181133333333
42930, 1.3928612256666666
42960, 1.392904282
42990, 1.3929472823333333
43020, 1.392990226
43050, 1.3930331136666667
43080, 1.393075945
43110, 1.3931187193333334
43140, 1.393161437
43170, 1.3932040976666666
43200, 1.3932467013333334
43230, 1.393289248
43260, 1.393331737
43290, 1.3933741686666667
43320, 1.3934165429999998
43350, 1.3934588593333332
43380, 1.3935011176666665
43410, 1.3935433183333334
43440, 1.3935854606666667
43470, 1.3936275446666666
43500, 1.3936695706666666
43530, 1.3937115376666667
43560, 1.3937534463333332
43590, 1.3937952960000002
43620, 1.3938370866666667
43650, 1.3938788183333333
43680, 1.3939204906666667
43710, 1.393962104
43740, 1.3940036576666668
43770, 1.3940451516666668
43800, 1.394086586
43830, 1.3941279606666666
43860, 1.3941692749999999
43890, 1.3942105296666667
43920, 1.3942517236666667
43950, 1.3942928573333335
43980, 1.3943339306666667
44010, 1.3943749433333334
44040, 1.394415895
44070, 1.3944567860000001
44100, 1.394497616
44130, 1.3945383846666666
44160, 1.3945790923333332
44190, 1.3946197383333334
44220, 1.394660323
44250, 1.394700846
44280, 1.394741307
44310, 1.3947817059999998
44340, 1.3948220433333334
44370, 1.3948623183333333
44400, 1.3949025309999998
44430, 1.394942681
44460, 1.3949827686666667
44490, 1.3950227936666666
44520, 1.395062756
44550, 1.3951026553333334
44580, 1.3951424916666666
44610, 1.3951822646666667
44640, 1.3952219743333334
44670, 1.395261621
44700, 1.3953012036666665
44730, 1.395340723
44760, 1.3953801783333333
44790, 1.3954195696666667
44820, 1.395458897
44850, 1.3954981603333332
44880, 1.3955373593333333
44910, 1.395576494
44940, 1.3956155643333334
44970, 1.3956545696666667
45000, 1.3956935103333334
45030, 1.3957323863333333
45060, 1.395771197
45090, 1.3958099426666666
45120, 1.3958486233333334
45150, 1.3958872383333334
45180, 1.395925788
45210, 1.395964272
45240, 1.3960026903333334
45270, 1.396041043
45300, 1.3960793293333333
45330, 1.39611755
45360, 1.3961557043333335
45390, 1.3961937923333334
45420, 1.396231814
45450, 1.396269769
45480, 1.3963076573333333
45510, 1.396345479
45540, 1.396383234
45570, 1.3964209216666665
45600, 1.3964585423333333
45630, 1.3964960960000001
45660, 1.396533582
45690, 1.3965710006666667
45720, 1.3966083516666667
45750, 1.3966456353333332
45780, 1.396682851
45810, 1.3967199986666665
45840, 1.3967570783333332
45870, 1.39679409
45900, 1.3968310333333334
45930, 1.3968679083333333
45960, 1.396904715
45990, 1.3969414526666666
46020, 1.3969781220000002
46050, 1.3970147226666667
46080, 1.3970512543333333
46110, 1.3970877166666666
46140, 1.3971241103333334
46170, 1.3971604343333335
46200, 1.3971966893333332
46230, 1.3972328746666667
46260, 1.3972689906666667
46290, 1.3973050366666666
46320, 1.3973410133333333
46350, 1.3973769196666666
46380, 1.3974127563333334
46410, 1.3974485226666666
46440, 1.3974842189999999
46470, 1.397519845
46500, 1.3975554003333333
46530, 1.3975908853333332
46560, 1.3976262996666666
46590, 1.3976616433333333
46620, 1.3976969163333333
46650, 1.3977321180000002
46680, 1.397767249
46710, 1.3978023086666667
46740, 1.3978372970000001
46770, 1.397872214
46800, 1.3979070596666667
46830, 1.3979418336666667
46860, 1.397976536
46890, 1.3980111666666666
46920, 1.3980457253333332
46950, 1.398080212
46980, 1.398114627
47010, 1.3981489693333333
47040, 1.3981832396666667
47070, 1.3982174376666665
47100, 1.3982515629999999
47130, 1.3982856156666665
47160, 1.398319596
47190, 1.3983535033333332
47220, 1.398387338
47250, 1.3984210993333333
47280, 1.398454788
47310, 1.3984884033333334
47340, 1.3985219453333333
47370, 1.3985554143333334
47400, 1.3985888093333332
47430, 1.3986221313333334
47460, 1.3986553793333334
47490, 1.3986885536666667
47520, 1.398721654
47550, 1.3987546806666666
47580, 1.3987876333333333
47610, 1.3988205116666668
47640, 1.3988533159999998
47670, 1.3988860456666667
47700, 1.3989187013333333
47730, 1.3989512823333332
47760, 1.3989837886666667
47790, 1.3990162203333332
47820, 1.3990485773333332
47850, 1.3990808593333335
47880, 1.3991130666666667
47910, 1.3991451986666665
47940, 1.3991772556666666
47970, 1.3992092373333334
48000, 1.3992411436666667
48030, 1.3992729746666668
48060, 1.3993047303333332
48090, 1.39933641
48120, 1.3993680143333334
48150, 1.3993995426666668
48180, 1.3994309953333333
48210, 1.399462372
48240, 1.3994936726666667
48270, 1.399524897
48300, 1.3995560453333333
48330, 1.3995871173333334
48360, 1.399618113
48390, 1.399649032
48420, 1.3996798746666668
48450, 1.3997106403333333
48480, 1.3997413296666665
48510, 1.399771942
48540, 1.3998024776666667
48570, 1.399832936
48600, 1.3998633176666666
48630, 1.399893622
48660, 1.399923849
48690, 1.3999539986666667
48720, 1.399984071
48750, 1.400014066
48780, 1.4000439833333334
48810, 1.400073823
48840, 1.4001035849999999
48870, 1.4001332693333335
48900, 1.4001628756666666
48930, 1.400192404
48960, 1.400221854
48990, 1.4002512263333333
49020, 1.4002805203333335
49050, 1.400309736
49080, 1.4003388733333333
49110, 1.400367932
49140, 1.4003969123333333
49170, 1.4004258143333335
49200, 1.4004546373333333
49230, 1.4004833816666666
49260, 1.4005120473333335
49290, 1.4005406336666666
49320, 1.4005691413333332
49350, 1.40059757
49380, 1.4006259193333332
49410, 1.4006541896666667
49440, 1.4006823806666666
49470, 1.4007104923333333
49500, 1.4007385246666666
49530, 1.4007664773333333
49560, 1.4007943503333333
49590, 1.4008221436666666
49620, 1.4008498576666666
49650, 1.4008774913333333
49680, 1.4009050456666667
49710, 1.4009325196666667
49740, 1.400959914
49770, 1.400987228
49800, 1.401014462
49830, 1.4010416156666665
49860, 1.401068689
49890, 1.401095682
49920, 1.4011225946666668
49950, 1.4011494266666666
49980, 1.4011761783333334
50010, 1.4012028493333333
50040, 1.4012294393333333
50070, 1.401255949
50100, 1.4012823776666667
50130, 1.4013087253333334
50160, 1.401334992
50190, 1.4013611776666668
50220, 1.4013872823333333
50250, 1.401413306
50280, 1.401439248
50310, 1.4014651089999999
50340, 1.4014908886666666
50370, 1.4015165866666668
50400, 1.4015422033333333
50430, 1.4015677383333334
50460, 1.401593192
50490, 1.4016185636666667
50520, 1.4016438536666667
50550, 1.401669062
50580, 1.4016941883333334
50610, 1.4017192326666668
50640, 1.4017441953333334
50670, 1.4017690756666665
50700, 1.401793874
50730, 1.4018185903333333
50760, 1.401843224
50790, 1.4018677756666669
50820, 1.401892245
50850, 1.4019166319999998
50880, 1.4019409363333333
50910, 1.4019651583333332
50940, 1.4019892976666666
50970, 1.4020133543333333
51000, 1.4020373283333334
51030, 1.4020612196666666
51060, 1.402085028
51090, 1.4021087536666665
51120, 1.4021323963333332
51150, 1.402155956
51180, 1.4021794326666668
51210, 1.402202826
51240, 1.4022261366666666
51270, 1.402249364
51300, 1.402272508
51330, 1.4022955686666667
51360, 1.402318546
51390, 1.4023414399999998
51420, 1.4023642506666665
51450, 1.4023869776666666
51480, 1.402409621
51510, 1.402432181
51540, 1.402454657
51570, 1.4024770496666665
51600, 1.4024993583333334
51630, 1.4025215833333333
51660, 1.4025437243333332
51690, 1.4025657816666668
51720, 1.402587755
51750, 1.402609644
51780, 1.4026314493333334
51810, 1.4026531703333334
51840, 1.4026748073333333
51870, 1.40269636
51900, 1.4027178286666668
51930, 1.402739213
51960, 1.4027605129999998
51990, 1.4027817283333333
52020, 1.4028028596666666
52050, 1.4028239063333334
52080, 1.4028448683333332
52110, 1.402865746
52140, 1.402886539
52170, 1.4029072473333333
52200, 1.4029278713333333
52230, 1.4029484103333334
52260, 1.4029688643333333
52290, 1.402989234
52320, 1.4030095186666667
52350, 1.4030297183333333
52380, 1.403049833
52410, 1.403069863
52440, 1.4030898076666667
52470, 1.4031096673333332
52500, 1.403129442
52530, 1.4031491316666667
52560, 1.403168736
52590, 1.4031882553333332
52620, 1.4032076893333334
52650, 1.403227038
52680, 1.4032463013333332
52710, 1.4032654793333335
52740, 1.403284572
52770, 1.4033035790000001
52800, 1.403322501
52830, 1.4033413373333334
52860, 1.403360088
52890, 1.403378753
52920, 1.4033973326666667
52950, 1.4034158266666668
52980, 1.403434235
53010, 1.4034525576666668
53040, 1.4034707943333333
53070, 1.4034889456666666
53100, 1.403507011
53130, 1.4035249903333333
53160, 1.403542884
53190, 1.4035606916666667
53220, 1.4035784136666667
53250, 1.4035960493333333
53280, 1.4036135993333334
53310, 1.4036310633333333
53340, 1.4036484413333334
53370, 1.4036657330000002
53400, 1.4036829386666667
53430, 1.4037000583333334
53460, 1.4037170916666666
53490, 1.403734039
53520, 1.4037509000000001
53550, 1.4037676749999999
53580, 1.4037843636666667
53610, 1.4038009660000001
53640, 1.403817482
53670, 1.4038339116666665
53700, 1.403850255
53730, 1.403866512
53760, 1.4038826823333332
53790, 1.4038987666666667
53820, 1.4039147643333334
53850, 1.4039306753333334
53880, 1.4039465
53910, 1.4039622383333332
53940, 1.4039778900000002
53970, 1.403993455
54000, 1.4040089333333332
54030, 1.4040243253333333
54060, 1.4040396306666665
54090, 1.4040548493333334
54120, 1.4040699813333335
54150, 1.4040850266666667
54180, 1.404099985
54210, 1.404114857
54240, 1.404129642
54270, 1.4041443406666665
54300, 1.4041589520000002
54330, 1.404173477
54360, 1.4041879149999998
54390, 1.404202266
54420, 1.4042165303333332
54450, 1.404230708
54480, 1.4042447986666666
54510, 1.4042588023333333
54540, 1.4042727193333333
54570, 1.404286549
54600, 1.404300292
54630, 1.4043139483333333
54660, 1.4043275173333334
54690, 1.4043409993333333
54720, 1.4043543946666666
54750, 1.4043677026666666
54780, 1.404380924
54810, 1.404394058
54840, 1.4044071053333333
54870, 1.4044200653333334
54900, 1.4044329383333334
54930, 1.4044457243333335
54960, 1.4044584233333333
54990, 1.4044710353333334
55020, 1.40448356
55050, 1.404495998
55080, 1.4045083483333334
55110, 1.404520612
55140, 1.4045327883333332
55170, 1.4045448776666667
55200, 1.4045568800000001
55230, 1.404568795
55260, 1.4045806226666668
55290, 1.4045923636666666
55320, 1.404604017
55350, 1.4046155836666667
55380, 1.404627063
55410, 1.404638455
55440, 1.40464976
55470, 1.4046609780000001
55500, 1.4046721086666667
55530, 1.4046831519999998
55560, 1.4046941083333333
55590, 1.4047049773333333
55620, 1.4047157593333333
55650, 1.4047264543333333
55680, 1.4047370616666666
55710, 1.4047475823333333
55740, 1.4047580153333334
55770, 1.4047683616666666
55800, 1.4047786203333334
55830, 1.4047887923333333
55860, 1.4047988766666666
55890, 1.404808874
55920, 1.4048187843333335
55950, 1.4048286073333334
55980, 1.4048383433333334
56010, 1.404847992
56040, 1.4048575536666668
56070, 1.4048670280000002
56100, 1.4048764153333335
56130, 1.4048857156666668
56160, 1.4048949286666665
56190, 1.4049040543333333
56220, 1.4049130933333334
56250, 1.4049220446666666
56280, 1.4049309093333333
56310, 1.4049396866666668
56340, 1.404948377
56370, 1.4049569803333333
56400, 1.4049654966666665
56430, 1.4049739256666667
56460, 1.4049822676666668
56490, 1.4049905226666666
56520, 1.4049986906666667
56550, 1.4050067716666665
56580, 1.4050147653333331
56610, 1.4050226723333334
56640, 1.405030492
56670, 1.4050382250000002
56700, 1.405045871
56730, 1.40505343
56760, 1.405060902
56790, 1.405068287
56820, 1.405075585
56850, 1.4050827963333332
56880, 1.4050899206666665
56910, 1.4050969580000001
56940, 1.4051039086666666
56970, 1.4051107723333334
57000, 1.4051175493333334
57030, 1.4051242393333332
57060, 1.4051308426666667
57090, 1.405137359
57120, 1.4051437886666667
57150, 1.4051501316666668
57180, 1.405156388
57210, 1.4051625573333333
57240, 1.4051686403333334
57270, 1.4051746363333333
57300, 1.405180546
57330, 1.4051863686666666
57360, 1.405192105
57390, 1.4051977543333334
57420, 1.4052033173333334
57450, 1.405208794
57480, 1.405214184
57510, 1.4052194873333335
57540, 1.4052247043333332
57570, 1.4052298346666665
57600, 1.4052348786666666
57630, 1.4052398363333334
57660, 1.4052447073333334
57690, 1.4052494923333332
57720, 1.4052541906666667
57750, 1.4052588026666666
57780, 1.4052633286666667
57810, 1.4052677683333332
57840, 1.4052721213333335
57870, 1.4052763886666666
57900, 1.4052805693333335
57930, 1.4052846639999999
57960, 1.4052886726666667
57990, 1.4052925950000001
58020, 1.4052964313333334
58050, 1.4053001816666668
58080, 1.4053038459999998
58110, 1.4053074243333334
58140, 1.4053109166666669
58170, 1.405314323
58200, 1.4053176433333334
58230, 1.405320878
58260, 1.4053240266666667
58290, 1.4053270896666665
58320, 1.4053300666666668
58350, 1.405332958
58380, 1.4053357636666666
58410, 1.4053384836666667
58440, 1.4053411176666666
58470, 1.4053436663333332
58500, 1.4053461296666665
58530, 1.4053485069999998
58560, 1.4053507989999998
58590, 1.4053530053333332
58620, 1.4053551266666666
58650, 1.4053571623333334
58680, 1.4053591123333333
58710, 1.4053609773333333
58740, 1.405362757
58770, 1.4053644513333332
58800, 1.4053660603333333
58830, 1.4053675843333333
58860, 1.405369023
58890, 1.4053703766666668
58920, 1.4053716453333334
58950, 1.4053728286666667
58980, 1.4053739273333334
59010, 1.4053749409999998
59040, 1.4053758696666667
59070, 1.4053767133333335
59100, 1.4053774723333334
59130, 1.4053781463333335
59160, 1.4053787356666667
59190, 1.4053792403333334
59220, 1.4053796603333333
59250, 1.405379996
59280, 1.4053802466666667
59310, 1.405380413
59340, 1.4053804946666666
59370, 1.4053804920000001
59400, 1.405380405
59430, 1.4053802333333334
59460, 1.4053799776666667
59490, 1.4053796376666667
59520, 1.4053792133333334
59550, 1.405378705
59580, 1.4053781123333333
59610, 1.4053774356666666
59640, 1.405376675
59670, 1.4053758303333335
59700, 1.4053749016666666
59730, 1.405373889
59760, 1.4053727926666666
59790, 1.4053716126666667
59820, 1.4053703486666667
59850, 1.4053690013333333
59880, 1.4053675700000001
59910, 1.405366055
59940, 1.4053644566666668
59970, 1.405362775
60000, 1.4053610096666667
60030, 1.405359161
60060, 1.405357229
60090, 1.4053552136666667
60120, 1.4053531149999998
60150, 1.4053509333333334
60180, 1.4053486686666667
60210, 1.4053463206666668
60240, 1.4053438900000002
60270, 1.405341376
60300, 1.4053387793333334
60330, 1.4053360996666666
60360, 1.4053333373333334
60390, 1.4053304923333332
60420, 1.4053275643333334
60450, 1.405324554
60480, 1.405321461
60510, 1.4053182856666668
60540, 1.4053150276666666
60570, 1.4053116873333333
60600, 1.4053082646666668
60630, 1.4053047596666668
60660, 1.4053011726666667
60690, 1.4052975033333333
60720, 1.4052937520000002
60750, 1.4052899186666667
60780, 1.4052860033333332
60810, 1.405282006
60840, 1.405277927
60870, 1.405273766
60900, 1.4052695233333334
60930, 1.405265199
60960, 1.4052607933333334
60990, 1.4052563059999998
61020, 1.405251737
61050, 1.4052470866666666
61080, 1.405242355
61110, 1.4052375423333334
61140, 1.4052326483333335
61170, 1.4052276730000002
61200, 1.4052226166666666
61230, 1.4052174793333334
61260, 1.4052122610000002
61290, 1.405206962
61320, 1.4052015820000001
61350, 1.4051961213333333
61380, 1.40519058
61410, 1.405184958
61440, 1.4051792553333333
61470, 1.4051734723333333
61500, 1.405167609
61530, 1.4051616653333332
61560, 1.4051556413333333
61590, 1.405149537
61620, 1.4051433526666666
61650, 1.4051370883333334
61680, 1.405130744
61710, 1.4051243196666667
61740, 1.4051178156666668
61770, 1.4051112316666665
61800, 1.4051045683333334
61830, 1.405097825
61860, 1.4050910023333334
61890, 1.4050841003333332
61920, 1.4050771186666666
61950, 1.4050700576666666
61980, 1.4050629176666667
62010, 1.4050556983333333
62040, 1.4050484
62070, 1.4050410223333334
62100, 1.405033566
62130, 1.405026031
62160, 1.4050184166666668
62190, 1.405010724
62220, 1.4050029526666665
62250, 1.4049951026666667
62280, 1.4049871743333333
62310, 1.4049791673333334
62340, 1.4049710823333332
62370, 1.404962919
62400, 1.4049546773333332
62430, 1.4049463576666668
62460, 1.4049379599999998
62490, 1.4049294843333333
62520, 1.404920931
62550, 1.4049122996666668
62580, 1.404903591
62610, 1.4048948043333334
62640, 1.4048859403333334
62670, 1.404876999
62700, 1.40486798
62730, 1.404858884
62760, 1.404849711
62790, 1.4048404603333333
62820, 1.404831133
62850, 1.4048217286666667
62880, 1.4048122476666667
62910, 1.4048026896666668
62940, 1.404793055
62970, 1.404783344
63000, 1.4047735563333332
63030, 1.404763692
63060, 1.4047537516666668
63090, 1.404743735
63120, 1.4047336419999998
63150, 1.404723473
63180, 1.404713228
63210, 1.4047029073333333
63240, 1.4046925106666666
63270, 1.4046820383333334
63300, 1.4046714903333333
63330, 1.4046608666666667
63360, 1.4046501676666667
63390, 1.4046393933333334
63420, 1.404628544
63450, 1.404617619
63480, 1.4046066193333333
63510, 1.4045955443333333
63540, 1.4045843946666667
63570, 1.40457317
63600, 1.4045618706666667
63630, 1.4045504966666666
63660, 1.4045390483333333
63690, 1.4045275253333334
63720, 1.4045159280000001
63750, 1.4045042566666668
63780, 1.404492511
63810, 1.4044806913333334
63840, 1.4044687976666665
63870, 1.40445683
63900, 1.4044447886666667
63930, 1.4044326736666666
63960, 1.404420485
63990, 1.404408223
64020, 1.4043958876666667
64050, 1.4043834786666667
64080, 1.404370997
64110, 1.4043584416666666
64140, 1.4043458136666667
64170, 1.4043331126666667
64200, 1.404320339
64230, 1.4043074926666668
64260, 1.4042945736666665
64290, 1.404281582
64320, 1.404268518
64350, 1.4042553816666667
64380, 1.4042421733333332
64410, 1.4042288926666666
64440, 1.4042155403333334
64470, 1.4042021156666666
64500, 1.4041886196666666
64530, 1.4041750516666667
64560, 1.4041614119999999
64590, 1.404147701
64620, 1.4041339186666668
64650, 1.404120065
64680, 1.4041061400000001
64710, 1.4040921443333334
64740, 1.4040780773333335
64770, 1.4040639396666668
64800, 1.404049731
64830, 1.404035452
64860, 1.4040211023333333
64890, 1.404006682
64920, 1.4039921916666667
64950, 1.403977631
64980, 1.403963
65010, 1.4039482993333332
65040, 1.4039335286666665
65070, 1.4039186879999999
65100, 1.4039037776666665
65130, 1.4038887979999999
65160, 1.4038737486666666
65190, 1.40385863
65220, 1.4038434419999999
65250, 1.4038281849999998
65280, 1.403812859
65310, 1.403797464
65340, 1.4037820003333332
65370, 1.4037664676666668
65400, 1.4037508666666667
65430, 1.403735197
65460, 1.4037194593333333
65490, 1.403703653
65520, 1.4036877786666666
65550, 1.4036718363333331
65580, 1.403655826
65610, 1.403639748
65640, 1.403623602
65670, 1.4036073886666667
65700, 1.403591108
65730, 1.4035747596666668
65760, 1.4035583443333333
65790, 1.403541862
65820, 1.4035253123333333
65850, 1.403508696
65880, 1.4034920126666666
65910, 1.403475263
65940, 1.4034584466666666
65970, 1.403441564
66000, 1.4034246146666667
66030, 1.4034075993333335
66060, 1.403390518
66090, 1.403373371
66120, 1.4033561576666667
66150, 1.4033388789999999
66180, 1.4033215343333332
66210, 1.4033041246666667
66240, 1.4032866493333334
66270, 1.4032691086666667
66300, 1.403251503
66330, 1.4032338323333333
66360, 1.4032160969999998
66390, 1.4031982966666667
66420, 1.4031804316666665
66450, 1.4031625023333332
66480, 1.4031445086666665
66510, 1.4031264506666667
66540, 1.4031083283333332
66570, 1.403090142
66600, 1.403071892
66630, 1.403053578
66660, 1.4030352003333333
66690, 1.4030167593333334
66720, 1.4029982546666666
66750, 1.402979687
66780, 1.4029610559999999
66810, 1.402942362
66840, 1.4029236049999998
66870, 1.4029047853333334
66900, 1.402885903
66930, 1.4028669580000002
66960, 1.402847951
66990, 1.4028288813333334
67020, 1.4028097496666667
67050, 1.4027905556666667
67080, 1.4027713
67110, 1.4027519826666668
67140, 1.4027326036666667
67170, 1.402713163
67200, 1.402693661
67230, 1.4026740976666667
67260, 1.4026544733333333
67290, 1.402634788
67320, 1.4026150416666667
67350, 1.4025952346666668
67380, 1.4025753673333332
67410, 1.4025554390000001
67440, 1.4025354506666667
67470, 1.4025154020000001
67500, 1.4024952933333332
67530, 1.4024751246666667
67560, 1.4024548959999998
67590, 1.4024346076666667
67620, 1.40241426
67650, 1.4023938526666666
67680, 1.4023733863333334
67710, 1.4023528603333333
67740, 1.4023322756666667
67770, 1.402311632
67800, 1.4022909296666666
67830, 1.4022701686666668
67860, 1.4022493489999999
67890, 1.4022284713333333
67920, 1.4022075349999998
67950, 1.402186541
67980, 1.4021654886666666
68010, 1.4021443786666667
68040, 1.402123211
68070, 1.4021019856666668
68100, 1.402080703
68130, 1.402059363
68160, 1.402037966
68190, 1.402016512
68220, 1.401995001
68250, 1.4019734333333334
68280, 1.401951809
68310, 1.4019301283333334
68340, 1.4019083913333334
68370, 1.401886598
68400, 1.4018647486666667
68430, 1.4018428433333334
68460, 1.4018208823333334
68490, 1.401798866
68520, 1.401776794
68550, 1.4017546663333333
68580, 1.401732484
68610, 1.4017102463333333
68640, 1.4016879536666667
68670, 1.4016656063333335
68700, 1.4016432043333333
68730, 1.4016207476666667
68760, 1.4015982366666668
68790, 1.4015756716666667
68820, 1.4015530526666666
68850, 1.4015303793333334
68880, 1.4015076526666668
68910, 1.401484872
68940, 1.401462038
68970, 1.4014391506666666
69000, 1.40141621
69030, 1.4013932163333334
69060, 1.4013701696666665
69090, 1.4013470703333333
69120, 1.4013239183333335
69150, 1.401300714
69180, 1.4012774570000002
69210, 1.401254148
69240, 1.4012307866666667
69270, 1.4012073736666666
69300, 1.401183909
69330, 1.4011603926666667
69360, 1.4011368246666667
69390, 1.4011132053333333
69420, 1.401089535
69450, 1.4010658136666667
69480, 1.4010420413333333
69510, 1.401018218
69540, 1.4009943443333335
69570, 1.4009704203333333
69600, 1.400946446
69630, 1.4009224213333333
69660, 1.400898347
69690, 1.4008742226666666
69720, 1.4008500483333333
69750, 1.4008258246666667
69780, 1.4008015516666665
69810, 1.4007772293333334
69840, 1.400752858
69870, 1.4007284376666667
69900, 1.4007039686666665
69930, 1.4006794506666667
69960, 1.4006548843333333
69990, 1.4006302696666666
70020, 1.400605607
70050, 1.4005808960000001
70080, 1.4005561373333335
70110, 1.4005313306666667
70140, 1.4005064766666668
70170, 1.400481575
70200, 1.4004566263333333
70230, 1.4004316303333333
70260, 1.4004065873333333
70290, 1.4003814976666666
70320, 1.4003563613333334
70350, 1.4003311783333334
70380, 1.400305949
70410, 1.4002806733333333
70440, 1.4002553516666667
70470, 1.4002299843333335
70500, 1.400204571
70530, 1.4001791123333334
70560, 1.400153608
70590, 1.4001280583333333
70620, 1.4001024636666668
70650, 1.4000768239999999
70680, 1.4000511396666666
70710, 1.4000254106666665
70740, 1.399999637
70770, 1.399973819
70800, 1.399947957
70830, 1.3999220506666668
70860, 1.3998961006666668
70890, 1.3998701070000001
70920, 1.3998440696666667
70950, 1.399817989
70980, 1.3997918649999999
71010, 1.399765698
71040, 1.399739488
71070, 1.3997132353333332
71100, 1.39968694
71130, 1.399660602
71160, 1.399634222
71190, 1.3996077996666667
71220, 1.3995813356666666
71250, 1.3995548296666667
71280, 1.3995282820000001
71310, 1.3995016926666668
71340, 1.3994750623333334
71370, 1.3994483906666666
71400, 1.399421678
71430, 1.3993949243333335
71460, 1.3993681303333334
71490, 1.3993412956666667
71520, 1.3993144203333334
71550, 1.399287505
71580, 1.3992605496666666
71610, 1.3992335546666668
71640, 1.3992065196666668
71670, 1.3991794450000001
71700, 1.3991523313333334
71730, 1.399125178
71760, 1.399097986
71790, 1.3990707546666665
71820, 1.399043485
71850, 1.3990161766666667
71880, 1.3989888296666666
71910, 1.3989614446666665
71940, 1.3989340213333334
71970, 1.3989065603333333
72000, 1.3988790616666666
72030, 1.398851525
72060, 1.3988239513333334
72090, 1.39879634
72120, 1.3987686916666666
72150, 1.3987410066666668
72180, 1.3987132846666668
72210, 1.398685526
72240, 1.398657731
72270, 1.3986299
72300, 1.3986020326666666
72330, 1.3985741293333334
72360, 1.39854619
72390, 1.3985182153333333
72420, 1.3984902053333335
72450, 1.39846216
72480, 1.3984340793333332
72510, 1.398405964
72540, 1.3983778136666667
72570, 1.398349629
72600, 1.3983214096666667
72630, 1.3982931563333332
72660, 1.3982648686666665
72690, 1.398236547
72720, 1.3982081916666667
72750, 1.3981798026666665
72780, 1.3981513803333334
72810, 1.3981229246666667
72840, 1.398094436
72870, 1.3980659146666667
72900, 1.39803736
72930, 1.3980087733333333
72960, 1.3979801539999999
72990, 1.3979515023333333
73020, 1.3979228186666666
73050, 1.397894103
73080, 1.3978653556666667
73110, 1.3978365766666667
73140, 1.3978077666666666
73170, 1.397778925
73200, 1.3977500526666666
73230, 1.397721149
73260, 1.397692215
73290, 1.3976632503333333
73320, 1.3976342553333332
73350, 1.3976052300000001
73380, 1.397576175
73410, 1.3975470896666666
73440, 1.397517975
73470, 1.3974888306666666
73500, 1.397459657
73530, 1.3974304543333333
73560, 1.3974012226666668
73590, 1.397371962
73620, 1.3973426726666667
73650, 1.397313355
73680, 1.397284009
73710, 1.397254635
73740, 1.3972252326666668
73770, 1.397195803
73800, 1.3971663453333334
73830, 1.3971368606666668
73860, 1.3971073483333334
73890, 1.3970778093333334
73920, 1.397048243
73950, 1.3970186503333333
73980, 1.3969890306666666
74010, 1.3969593850000002
74040, 1.396929713
74070, 1.3969000146666666
74100, 1.3968702910000002
74130, 1.3968405413333331
74160, 1.396810766
74190, 1.3967809656666668
74220, 1.3967511400000001
74250, 1.3967212893333332
74280, 1.396691414
74310, 1.3966615136666667
74340, 1.3966315893333334
74370, 1.3966016403333332
74400, 1.3965716676666666
74430, 1.3965416706666667
74460, 1.3965116499999999
74490, 1.396481606
74520, 1.3964515383333334
74550, 1.3964214473333334
74580, 1.3963913336666667
74610, 1.3963611966666667
74640, 1.3963310373333333
74670, 1.3963008553333334
74700, 1.396270651
74730, 1.3962404246666666
74760, 1.3962101763333334
74790, 1.396179906
74820, 1.3961496139999998
74850, 1.3961193006666666
74880, 1.396088966
74910, 1.3960586103333332
74940, 1.3960282336666665
74970, 1.3959978363333334
75000, 1.3959674183333333
75030, 1.3959369799999999
75060, 1.3959065216666666
75090, 1.3958760430000001
75120, 1.3958455446666667
75150, 1.3958150266666667
75180, 1.395784489
75210, 1.3957539319999999
75240, 1.395723356
75270, 1.3956927613333334
75300, 1.3956621473333333
75330, 1.395631515
75360, 1.3956008643333333
75390, 1.3955701953333333
75420, 1.3955395083333333
75450, 1.3955088033333334
75480, 1.3954780806666667
75510, 1.3954473406666668
75540, 1.3954165833333332
75570, 1.3953858086666666
75600, 1.395355017
75630, 1.3953242086666666
75660, 1.3952933836666668
75690, 1.395262542
75720, 1.3952316843333334
75750, 1.3952008106666667
75780, 1.395169921
75810, 1.3951390153333334
75840, 1.3951080946666665
75870, 1.3950771583333335
75900, 1.3950462066666667
75930, 1.3950152403333334
75960, 1.394984259
75990, 1.3949532633333332
76020, 1.3949222529999998
76050, 1.3948912283333332
76080, 1.3948601896666668
76110, 1.3948291369999999
76140, 1.3947980706666665
76170, 1.394766991
76200, 1.3947358976666666
76230, 1.3947047913333332
76260, 1.394673672
76290, 1.3946425396666666
76320, 1.394611395
76350, 1.3945802376666667
76380, 1.3945490683333333
76410, 1.3945178866666665
76440, 1.3944866930000002
76470, 1.3944554880000002
76500, 1.3944242709999999
76530, 1.394393043
76560, 1.3943618036666665
76590, 1.3943305533333334
76620, 1.3942992923333333
76650, 1.3942680206666667
76680, 1.3942367386666665
76710, 1.394205446
76740, 1.3941741436666668
76770, 1.3941428313333333
76800, 1.3941115093333334
76830, 1.3940801776666667
76860, 1.3940488366666668
76890, 1.3940174866666666
76920, 1.3939861276666667
76950, 1.3939547596666666
76980, 1.393923383
77010, 1.3938919983333333
77040, 1.393860605
77070, 1.393829204
77100, 1.3937977946666666
77130, 1.393766378
77160, 1.3937349536666666
77190, 1.393703522
77220, 1.3936720833333334
77250, 1.3936406376666668
77280, 1.3936091853333332
77310, 1.393577726
77340, 1.3935462606666666
77370, 1.3935147890000001
77400, 1.3934833113333334
77430, 1.3934518276666668
77460, 1.3934203383333332
77490, 1.3933888436666666
77520, 1.3933573436666666
77550, 1.3933258383333333
77580, 1.3932943283333332
77610, 1.3932628133333333
77640, 1.393231294
77670, 1.3931997699999998
77700, 1.393168242
77730, 1.3931367099999998
77760, 1.3931051743333334
77790, 1.3930736346666666
77820, 1.393042092
77850, 1.3930105456666666
77880, 1.3929789963333334
77910, 1.392947444
77940, 1.392915889
77970, 1.3928843316666668
78000, 1.392852772
78030, 1.3928212100000001
78060, 1.392789646
78090, 1.39275808
78120, 1.3927265126666668
78150, 1.392694944
78180, 1.3926633736666667
78210, 1.3926318026666666
78240, 1.3926002306666667
78270, 1.392568658
78300, 1.3925370846666667
78330, 1.3925055113333333
78360, 1.3924739376666666
78390, 1.3924423639999999
78420, 1.3924107906666665
78450, 1.3923792176666667
78480, 1.3923476453333332
78510, 1.3923160736666667
78540, 1.3922845030000002
78570, 1.3922529336666667
78600, 1.3922213656666667
78630, 1.392189799
78660, 1.3921582339999998
78690, 1.392126671
78720, 1.3920951103333334
78750, 1.3920635516666668
78780, 1.3920319953333333
78810, 1.392000442
78840, 1.3919688913333332
78870, 1.3919373433333333
78900, 1.3919057989999999
78930, 1.3918742576666667
78960, 1.3918427203333332
78990, 1.3918111863333333
79020, 1.3917796563333333
79050, 1.3917481306666668
79080, 1.3917166093333333
79110, 1.3916850923333333
79140, 1.39165358
79170, 1.3916220723333335
79200, 1.39159057
79230, 1.3915590726666667
79260, 1.391527581
79290, 1.3914960946666666
79320, 1.3914646143333333
79350, 1.3914331396666666
79380, 1.3914016713333333
79410, 1.3913702093333333
79440, 1.391338754
79470, 1.391307305
79500, 1.391275863
79530, 1.3912444283333334
79560, 1.3912130006666665
79590, 1.3911815806666668
79620, 1.391150168
79650, 1.3911187633333333
79680, 1.3910873666666668
79710, 1.391055978
79740, 1.391024598
79770, 1.3909932263333333
79800, 1.3909618633333334
79830, 1.3909305093333333
79860, 1.3908991646666666
79890, 1.3908678289999998
79920, 1.3908365026666667
79950, 1.3908051863333333
79980, 1.3907738796666667
80010, 1.390742583
80040, 1.3907112966666668
80070, 1.3906800206666667
80100, 1.390648755
80130, 1.3906175003333334
80160, 1.3905862566666667
80190, 1.390555024
80220, 1.3905238026666666
80250, 1.390492593
80280, 1.3904613946666669
80310, 1.3904302083333333
80340, 1.3903990343333332
80370, 1.3903678720000001
80400, 1.3903367226666665
80430, 1.3903055856666668
80460, 1.3902744613333333
80490, 1.39024335
80520, 1.390212252
80550, 1.390181167
80580, 1.3901500956666668
80610, 1.3901190383333333
80640, 1.3900879943333333
80670, 1.390056965
80700, 1.3900259493333333
80730, 1.3899949483333334
80760, 1.389963962
80790, 1.3899329906666666
80820, 1.389902034
80850, 1.3898710926666669
80880, 1.3898401663333333
80910, 1.389809256
80940, 1.3897783609999999
80970, 1.389747482
81000, 1.3897166193333335
81030, 1.3896857726666667
81060, 1.3896549423333333
81090, 1.3896241286666666
81120, 1.389593332
81150, 1.3895625523333333
81180, 1.3895317896666668
81210, 1.3895010443333333
81240, 1.3894703166666666
81270, 1.3894396066666665
81300, 1.3894089146666668
81330, 1.3893782406666668
81360, 1.3893475846666665
81390, 1.3893169473333333
81420, 1.3892863286666668
81450, 1.389255729
81480, 1.389225148
81510, 1.3891945863333333
81540, 1.389164044
81570, 1.389133521
81600, 1.389103018
81630, 1.3890725346666668
81660, 1.3890420713333334
81690, 1.3890116286666665
81720, 1.388981206
81750, 1.3889508043333334
81780, 1.3889204229999998
81810, 1.388890063
81840, 1.388859724
81870, 1.3888294066666667
81900, 1.3887991103333335
81930, 1.3887688360000001
81960, 1.3887385836666668
81990, 1.3887083533333333
82020, 1.388678145
82050, 1.3886479593333334
82080, 1.3886177960000001
82110, 1.3885876556666668
82140, 1.3885575383333335
82170, 1.3885274440000002
82200, 1.388497373
82230, 1.3884673256666666
82260, 1.3884373019999998
82290, 1.3884073019999998
82320, 1.388377326
82350, 1.3883473743333334
82380, 1.388317447
82410, 1.3882875443333333
82440, 1.3882576666666666
82470, 1.3882278136666666
82500, 1.3881979856666666
82530, 1.388168183
82560, 1.3881384056666666
82590, 1.3881086543333332
82620, 1.3880789286666666
82650, 1.388049229
82680, 1.3880195553333334
82710, 1.3879899083333334
82740, 1.3879602876666668
82770, 1.3879306936666667
82800, 1.3879011266666665
82830, 1.3878715866666667
82860, 1.387842074
82890, 1.3878125886666666
82920, 1.3877831310000002
82950, 1.387753701
82980, 1.3877242993333334
83010, 1.3876949253333333
83040, 1.3876655796666666
83070, 1.3876362626666667
83100, 1.3876069743333335
83130, 1.3875777146666666
83160, 1.3875484843333332
83190, 1.3875192826666667
83220, 1.3874901106666666
83250, 1.3874609683333334
83280, 1.3874318553333334
83310, 1.3874027726666667
83340, 1.3873737196666667
83370, 1.3873446973333332
83400, 1.387315705
83430, 1.3872867433333333
83460, 1.3872578126666666
83490, 1.3872289126666666
83520, 1.3872000439999999
83550, 1.3871712063333335
83580, 1.3871424003333332
83610, 1.3871136259999999
83640, 1.3870848833333334
83670, 1.3870561726666666
83700, 1.3870274943333332
83730, 1.386998848
83760, 1.3869702343333334
83790, 1.3869416533333332
83820, 1.3869131053333335
83850, 1.3868845903333333
83880, 1.3868561083333335
83910, 1.38682766
83940, 1.386799245
83970, 1.3867708636666667
84000, 1.386742516
84030, 1.3867142026666666
84060, 1.3866859236666667
84090, 1.386657679
84120, 1.3866294686666667
84150, 1.3866012933333332
84180, 1.386573153
84210, 1.3865450476666665
84240, 1.3865169773333332
84270, 1.3864889426666667
84300, 1.3864609436666666
84330, 1.38643298
84360, 1.3864050526666667
84390, 1.3863771613333333
84420, 1.3863493063333334
84450, 1.3863214876666667
84480, 1.386293706
84510, 1.3862659606666667
84540, 1.3862382523333334
84570, 1.3862105813333334
84600, 1.3861829476666665
84630, 1.3861553513333333
84660, 1.3861277926666666
84690, 1.3861002716666666
84720, 1.3860727886666666
84750, 1.386045344
84780, 1.3860179376666666
84810, 1.3859905696666668
84840, 1.3859632403333333
84870, 1.3859359496666668
84900, 1.3859086983333333
84930, 1.3858814856666666
84960, 1.3858543126666667
84990, 1.385827179
85020, 1.385800085
85050, 1.385773031
85080, 1.385746017
85110, 1.385719043
85140, 1.385692109
85170, 1.385665216
85200, 1.3856383633333333
85230, 1.3856115516666667
85260, 1.3855847810000002
85290, 1.3855580513333334
85320, 1.385531363
85350, 1.385504716
85380, 1.3854781106666667
85410, 1.3854515473333333
85440, 1.385425026
85470, 1.3853985466666667
85500, 1.3853721096666667
85530, 1.385345715
85560, 1.385319363
85590, 1.385293054
85620, 1.3852667876666667
85650, 1.3852405646666668
85680, 1.3852143846666667
85710, 1.3851882483333333
85740, 1.3851621553333333
85770, 1.3851361063333334
85800, 1.3851101013333333
85830, 1.3850841403333332
85860, 1.3850582233333333
85890, 1.385032351
85920, 1.3850065233333333
85950, 1.3849807403333334
85980, 1.384955002
86010, 1.3849293089999999
86040, 1.384903661
86070, 1.3848780583333333
86100, 1.3848525013333335
86130, 1.38482699
86160, 1.3848015246666667
86190, 1.3847761049999998
86220, 1.3847507316666667
86250, 1.384725405
86280, 1.3847001243333334
86310, 1.3846748906666666
86340, 1.3846497036666667
86370, 1.3846245633333334
86400, 1.3845994706666667
