# Name : TDRS3
# Contents : BW, DELAY
0, 1.4431725353333333
30, 1.4434200389999998
60, 1.4436671986666667
90, 1.4439140126666667
120, 1.4441604806666666
150, 1.4444066016666668
180, 1.444652375
210, 1.4448977993333334
240, 1.4451428739999999
270, 1.4453875983333333
300, 1.4456319713333332
330, 1.4458759916666666
360, 1.4461196593333332
390, 1.446362973
420, 1.4466059316666666
450, 1.4468485346666666
480, 1.4470907813333334
510, 1.4473326706666667
540, 1.4475742013333335
570, 1.4478153733333334
600, 1.4480561853333334
630, 1.4482966363333332
660, 1.4485367256666668
690, 1.4487764526666667
720, 1.4490158163333333
750, 1.4492548156666667
780, 1.4494934503333332
810, 1.4497317186666667
840, 1.4499696206666668
870, 1.450207155
900, 1.450444321
930, 1.4506811176666665
960, 1.4509175443333333
990, 1.4511536003333334
1020, 1.4513892846666667
1050, 1.4516245963333334
1080, 1.4518595346666667
1110, 1.4520940990000002
1140, 1.452328288
1170, 1.4525621016666668
1200, 1.4527955383333333
1230, 1.4530285976666666
1260, 1.4532612786666668
1290, 1.453493581
1320, 1.453725503
1350, 1.4539570446666665
1380, 1.4541882046666665
1410, 1.4544189823333333
1440, 1.4546493766666668
1470, 1.4548793876666666
1500, 1.4551090133333335
1530, 1.455338254
1560, 1.455567108
1590, 1.4557955753333334
1620, 1.4560236543333334
1650, 1.4562513446666667
1680, 1.4564786456666667
1710, 1.4567055563333333
1740, 1.456932076
1770, 1.457158204
1800, 1.457383939
1830, 1.4576092806666667
1860, 1.4578342283333334
1890, 1.4580587809999999
1920, 1.4582829376666666
1950, 1.4585066979999999
1980, 1.458730061
2010, 1.4589530259999999
2040, 1.459175592
2070, 1.4593977583333333
2100, 1.4596195243333332
2130, 1.4598408889999999
2160, 1.4600618520000002
2190, 1.4602824123333333
2220, 1.460502569
2250, 1.4607223216666667
2280, 1.4609416693333332
2310, 1.461160611
2340, 1.4613791463333334
2370, 1.4615972746666666
2400, 1.4618149946666665
2430, 1.4620323063333334
2460, 1.4622492083333334
2490, 1.4624657
2520, 1.4626817806666665
2550, 1.4628974496666667
2580, 1.4631127063333333
2610, 1.4633275496666667
2640, 1.4635419790000002
2670, 1.463755994
2700, 1.4639695933333334
2730, 1.4641827763333333
2760, 1.464395543
2790, 1.4646078916666667
2820, 1.4648198220000002
2850, 1.4650313333333334
2880, 1.465242425
2910, 1.465453096
2940, 1.465663346
2970, 1.4658731736666666
3000, 1.466082579
3030, 1.466291561
3060, 1.4665001186666666
3090, 1.4667082516666667
3120, 1.466915959
3150, 1.4671232403333334
3180, 1.4673300946666668
3210, 1.4675365213333333
3240, 1.4677425196666667
3270, 1.4679480886666667
3300, 1.4681532283333334
3330, 1.4683579373333333
3360, 1.4685622153333333
3390, 1.4687660613333333
3420, 1.4689694750000002
3450, 1.4691724553333334
3480, 1.4693750016666667
3510, 1.4695771136666667
3540, 1.46977879
3570, 1.4699800306666666
3600, 1.4701808346666667
3630, 1.470381201
3660, 1.4705811296666667
3690, 1.4707806193333333
3720, 1.47097967
3750, 1.4711782803333333
3780, 1.47137645
3810, 1.4715741783333334
3840, 1.4717714646666666
3870, 1.471968308
3900, 1.472164708
3930, 1.472360664
3960, 1.4725561753333334
3990, 1.4727512413333332
4020, 1.4729458613333333
4050, 1.4731400343333334
4080, 1.47333376
4110, 1.473527038
4140, 1.473719867
4170, 1.4739122466666668
4200, 1.4741041766666667
4230, 1.4742956556666666
4260, 1.4744866836666668
4290, 1.4746772596666666
4320, 1.4748673833333334
4350, 1.4750570536666665
4380, 1.47524627
4410, 1.475435032
4440, 1.475623339
4470, 1.4758111903333333
4500, 1.475998585
4530, 1.4761855226666667
4560, 1.476372003
4590, 1.4765580249999999
4620, 1.4767435880000002
4650, 1.4769286916666666
4680, 1.477113335
4710, 1.477297518
4740, 1.4774812393333334
4770, 1.4776644986666667
4800, 1.4778472953333333
4830, 1.4780296290000001
4860, 1.478211499
4890, 1.4783929043333333
4920, 1.4785738446666667
4950, 1.4787543193333335
4980, 1.478934328
5010, 1.4791138696666668
5040, 1.479292944
5070, 1.4794715503333333
5100, 1.4796496876666665
5130, 1.479827356
5160, 1.4800045546666667
5190, 1.480181283
5220, 1.48035754
5250, 1.4805333256666666
5280, 1.480708639
5310, 1.4808834796666666
5340, 1.4810578466666666
5370, 1.4812317403333333
5400, 1.481405159
5430, 1.481578103
5460, 1.4817505709999998
5490, 1.4819225630000001
5520, 1.482094078
5550, 1.4822651156666666
5580, 1.4824356756666668
5610, 1.482605757
5640, 1.482775359
5670, 1.4829444816666666
5700, 1.483113124
5730, 1.4832812856666666
5760, 1.4834489659999999
5790, 1.4836161646666668
5820, 1.4837828806666666
5850, 1.4839491136666667
5880, 1.4841148633333332
5910, 1.4842801286666667
5940, 1.4844449096666665
5970, 1.4846092053333335
6000, 1.4847730153333334
6030, 1.4849363389999999
6060, 1.485099176
6090, 1.4852615256666668
6120, 1.4854233873333333
6150, 1.4855847606666668
6180, 1.485745645
6210, 1.48590604
6240, 1.486065945
6270, 1.4862253593333332
6300, 1.4863842826666667
6330, 1.4865427146666665
6360, 1.4867006543333334
6390, 1.4868581013333333
6420, 1.4870150553333332
6450, 1.4871715156666667
6480, 1.4873274816666666
6510, 1.4874829533333334
6540, 1.4876379293333333
6570, 1.48779241
6600, 1.4879463943333333
6630, 1.488099882
6660, 1.4882528723333333
6690, 1.488405365
6720, 1.4885573596666666
6750, 1.4887088553333332
6780, 1.488859852
6810, 1.4890103486666668
6840, 1.4891603453333333
6870, 1.4893098413333334
6900, 1.489458836
6930, 1.489607329
6960, 1.48975532
6990, 1.489902808
7020, 1.490049793
7050, 1.4901962746666666
7080, 1.490342252
7110, 1.4904877246666666
7140, 1.4906326926666666
7170, 1.4907771546666668
7200, 1.490921111
7230, 1.491064561
7260, 1.4912075036666665
7290, 1.4913499393333334
7320, 1.4914918666666666
7350, 1.4916332860000001
7380, 1.4917741966666667
7410, 1.4919145976666666
7440, 1.4920544893333334
7470, 1.4921938706666666
7500, 1.4923327413333334
7530, 1.4924711009999998
7560, 1.4926089493333332
7590, 1.4927462853333333
7620, 1.4928831093333335
7650, 1.4930194203333333
7680, 1.493155218
7710, 1.4932905016666667
7740, 1.4934252713333334
7770, 1.4935595266666666
7800, 1.4936932666666667
7830, 1.493826491
7860, 1.4939591996666668
7890, 1.4940913919999999
7920, 1.4942230673333332
7950, 1.4943542256666666
7980, 1.4944848663333334
8010, 1.494614989
8040, 1.494744593
8070, 1.4948736783333334
8100, 1.4950022443333335
8130, 1.4951302903333334
8160, 1.4952578163333334
8190, 1.4953848220000001
8220, 1.4955113063333334
8250, 1.4956372696666667
8280, 1.495762711
8310, 1.49588763
8340, 1.4960120266666668
8370, 1.4961359
8400, 1.4962592503333334
8430, 1.4963820766666667
8460, 1.496504379
8490, 1.4966261563333334
8520, 1.496747409
8550, 1.4968681363333334
8580, 1.496988338
8610, 1.4971080133333332
8640, 1.4972271623333333
8670, 1.497345784
8700, 1.4974638786666667
8730, 1.4975814456666667
8760, 1.4976984846666668
8790, 1.4978149953333333
8820, 1.497930977
8850, 1.4980464296666667
8880, 1.4981613526666666
8910, 1.4982757456666667
8940, 1.4983896086666666
8970, 1.4985029406666666
9000, 1.498615742
9030, 1.4987280116666668
9060, 1.49883975
9090, 1.498950956
9120, 1.4990616296666666
9150, 1.4991717703333334
9180, 1.499281378
9210, 1.4993904523333332
9240, 1.4994989926666666
9270, 1.4996069986666667
9300, 1.4997144703333334
9330, 1.4998214073333331
9360, 1.4999278086666665
9390, 1.5000336746666665
9420, 1.5001390046666667
9450, 1.5002437986666666
9480, 1.500348056
9510, 1.5004517763333334
9540, 1.5005549596666667
9570, 1.5006576053333334
9600, 1.5007597129999999
9630, 1.5008612826666667
9660, 1.5009623136666668
9690, 1.501062806
9720, 1.501162759
9750, 1.5012621726666666
9780, 1.5013610463333333
9810, 1.50145938
9840, 1.5015571733333333
9870, 1.5016544256666668
9900, 1.5017511373333334
9930, 1.5018473073333334
9960, 1.5019429359999998
9990, 1.5020380223333334
10020, 1.5021325666666667
10050, 1.5022265686666667
10080, 1.5023200273333333
10110, 1.5024129433333333
10140, 1.5025053156666668
10170, 1.5025971443333332
10200, 1.5026884286666666
10230, 1.5027791689999999
10260, 1.5028693646666667
10290, 1.5029590156666666
10320, 1.5030481213333333
10350, 1.5031366816666667
10380, 1.5032246963333333
10410, 1.5033121646666667
10440, 1.503399087
10470, 1.503485463
10500, 1.503571292
10530, 1.5036565736666667
10560, 1.5037413083333333
10590, 1.5038254953333334
10620, 1.5039091343333333
10650, 1.5039922253333333
10680, 1.504074768
10710, 1.504156762
10740, 1.504238207
10770, 1.504319103
10800, 1.5043994493333335
10830, 1.504479246
10860, 1.504558493
10890, 1.5046371896666666
10920, 1.5047153363333334
10950, 1.504792932
10980, 1.5048699766666667
11010, 1.5049464703333333
11040, 1.5050224126666667
11070, 1.5050978036666667
11100, 1.5051726426666667
11130, 1.5052469293333335
11160, 1.5053206639999999
11190, 1.5053938459999998
11220, 1.5054664753333333
11250, 1.505538552
11280, 1.505610075
11310, 1.505681045
11340, 1.505751461
11370, 1.5058213233333333
11400, 1.5058906316666667
11430, 1.5059593856666667
11460, 1.506027585
11490, 1.5060952300000001
11520, 1.50616232
11550, 1.5062288546666667
11580, 1.5062948343333333
11610, 1.5063602583333333
11640, 1.5064251263333333
11670, 1.5064894389999999
11700, 1.506553195
11730, 1.506616395
11760, 1.5066790386666666
11790, 1.5067411253333334
11820, 1.5068026553333334
11850, 1.5068636283333334
11880, 1.506924044
11910, 1.5069839023333333
11940, 1.507043203
11970, 1.5071019456666668
12000, 1.5071601306666667
12030, 1.5072177573333334
12060, 1.5072748260000002
12090, 1.507331336
12120, 1.5073872873333334
12150, 1.5074426796666667
12180, 1.5074975133333335
12210, 1.5075517876666666
12240, 1.5076055026666666
12270, 1.5076586583333333
12300, 1.5077112543333333
12330, 1.5077632906666665
12360, 1.5078147666666666
12390, 1.5078656830000001
12420, 1.5079160390000002
12450, 1.5079658343333333
12480, 1.5080150693333334
12510, 1.5080637436666668
12540, 1.5081118573333332
12570, 1.5081594096666668
12600, 1.508206401
12630, 1.5082528313333334
12660, 1.5082986999999999
12690, 1.5083440073333334
12720, 1.508388753
12750, 1.5084329366666667
12780, 1.5084765586666666
12810, 1.5085196186666665
12840, 1.5085621163333334
12870, 1.5086040516666666
12900, 1.508645425
12930, 1.5086862353333335
12960, 1.5087264833333334
12990, 1.5087661686666667
13020, 1.5088052906666667
13050, 1.50884385
13080, 1.5088818463333333
13110, 1.5089192793333333
13140, 1.508956149
13170, 1.5089924556666667
13200, 1.5090281983333333
13230, 1.5090633776666666
13260, 1.509097993
13290, 1.5091320449999999
13320, 1.5091655326666666
13350, 1.5091984566666667
13380, 1.5092308163333332
13410, 1.5092626120000001
13440, 1.5092938433333334
13470, 1.5093245106666666
13500, 1.5093546133333333
13530, 1.5093841513333335
13560, 1.509413125
13590, 1.5094415339999998
13620, 1.509469378
13650, 1.5094966573333333
13680, 1.509523372
13710, 1.5095495216666666
13740, 1.509575106
13770, 1.5096001256666667
13800, 1.50962458
13830, 1.5096484693333334
13860, 1.509671793
13890, 1.5096945516666667
13920, 1.509716745
13950, 1.5097383726666667
13980, 1.5097594349999999
14010, 1.5097799316666667
14040, 1.509799863
14070, 1.5098192286666667
14100, 1.5098380283333335
14130, 1.5098562626666667
14160, 1.509873931
14190, 1.5098910336666667
14220, 1.5099075703333333
14250, 1.5099235413333334
14280, 1.5099389463333333
14310, 1.5099537856666667
14340, 1.5099680586666666
14370, 1.5099817660000001
14400, 1.509994907
14430, 1.510007482
14460, 1.5100194913333334
14490, 1.5100309343333334
14520, 1.510041811
14550, 1.510052122
14580, 1.5100618663333334
14610, 1.510071045
14640, 1.5100796573333333
14670, 1.5100877036666667
14700, 1.5100951836666667
14730, 1.5101020973333334
14760, 1.5101084453333333
14790, 1.5101142266666665
14820, 1.5101194420000001
14850, 1.5101240913333331
14880, 1.5101281743333332
14910, 1.5101316913333334
14940, 1.5101346420000001
14970, 1.5101370266666667
15000, 1.510138845
15030, 1.5101400973333332
15060, 1.5101407836666667
15090, 1.5101409036666666
15120, 1.510140458
15150, 1.5101394460000002
15180, 1.510137868
15210, 1.5101357243333333
15240, 1.5101330143333334
15270, 1.5101297386666668
15300, 1.510125897
15330, 1.5101214896666666
15360, 1.5101165163333334
15390, 1.510110977
15420, 1.5101048723333332
15450, 1.5100982016666666
15480, 1.5100909656666668
15510, 1.5100831636666667
15540, 1.5100747963333334
15570, 1.5100658633333335
15600, 1.510056365
15630, 1.5100463013333332
15660, 1.5100356719999999
15690, 1.5100244776666667
15720, 1.510012718
15750, 1.510000393
15780, 1.5099875029999998
15810, 1.509974048
15840, 1.509960028
15870, 1.509945443
15900, 1.5099302933333334
15930, 1.5099145786666666
15960, 1.5098982993333332
15990, 1.5098814553333333
16020, 1.509864047
16050, 1.509846074
16080, 1.5098275366666667
16110, 1.509808435
16140, 1.509788769
16170, 1.509768539
16200, 1.509747745
16230, 1.509726387
16260, 1.5097044653333334
16290, 1.5096819796666665
16320, 1.5096589303333334
16350, 1.5096353176666666
16380, 1.5096111413333335
16410, 1.5095864016666667
16440, 1.5095610986666668
16470, 1.5095352326666667
16500, 1.5095088036666666
16530, 1.5094818116666668
16560, 1.5094542566666667
16590, 1.5094261393333332
16620, 1.5093974589999999
16650, 1.5093682163333335
16680, 1.5093384116666666
16710, 1.5093080443333333
16740, 1.509277115
16770, 1.509245624
16800, 1.5092135706666667
16830, 1.509180956
16860, 1.5091477796666668
16890, 1.5091140416666669
16920, 1.5090797426666667
16950, 1.5090448823333333
16980, 1.509009461
17010, 1.5089734786666666
17040, 1.5089369356666666
17070, 1.508899832
17100, 1.5088621679999998
17130, 1.5088239436666668
17160, 1.5087851589999999
17190, 1.5087458146666668
17220, 1.50870591
17250, 1.508665446
17280, 1.5086244223333332
17310, 1.5085828393333334
17340, 1.5085406973333333
17370, 1.508497996
17400, 1.508454736
17430, 1.5084109170000002
17460, 1.5083665396666666
17490, 1.508321604
17520, 1.50827611
17550, 1.5082300583333335
17580, 1.5081834483333334
17610, 1.5081362809999999
17640, 1.5080885563333333
17670, 1.508040274
17700, 1.5079914346666667
17730, 1.5079420386666667
17760, 1.5078920856666667
17790, 1.5078415763333333
17820, 1.5077905106666667
17850, 1.5077388886666667
17880, 1.5076867106666667
17910, 1.5076339773333334
17940, 1.507580688
17970, 1.5075268436666667
18000, 1.507472444
18030, 1.5074174893333334
18060, 1.5073619803333334
18090, 1.5073059163333333
18120, 1.5072492983333334
18150, 1.5071921263333332
18180, 1.5071344003333333
18210, 1.5070761206666667
18240, 1.5070172876666668
18270, 1.5069579016666668
18300, 1.5068979623333334
18330, 1.5068374703333334
18360, 1.506776426
18390, 1.5067148293333334
18420, 1.5066526806666667
18450, 1.50658998
18480, 1.5065267276666667
18510, 1.5064629243333334
18540, 1.5063985696666666
18570, 1.5063336643333334
18600, 1.5062682083333334
18630, 1.5062022016666667
18660, 1.5061356453333334
18690, 1.5060685390000002
18720, 1.5060008826666667
18750, 1.5059326773333335
18780, 1.5058639230000002
18810, 1.5057946196666667
18840, 1.5057247676666667
18870, 1.5056543673333334
18900, 1.5055834193333333
18930, 1.505511923
18960, 1.5054398793333335
18990, 1.5053672886666667
19020, 1.5052941506666666
19050, 1.5052204663333333
19080, 1.5051462353333334
19110, 1.505071458
19140, 1.504996135
19170, 1.5049202663333334
19200, 1.5048438523333334
19230, 1.5047668936666665
19260, 1.5046893896666667
19290, 1.5046113416666667
19320, 1.5045327493333334
19350, 1.5044536130000001
19380, 1.5043739333333332
19410, 1.5042937103333334
19440, 1.5042129443333332
19470, 1.5041316356666667
19500, 1.5040497846666667
19530, 1.5039673916666667
19560, 1.5038844566666667
19590, 1.5038009803333334
19620, 1.503716963
19650, 1.5036324046666667
19680, 1.5035473056666668
19710, 1.5034616666666667
19740, 1.503375488
19770, 1.5032887693333332
19800, 1.5032015116666666
19830, 1.5031137153333332
19860, 1.50302538
19890, 1.5029365066666667
19920, 1.5028470953333333
19950, 1.5027571463333333
19980, 1.50266666
20010, 1.502575637
20040, 1.5024840773333334
20070, 1.5023919813333333
20100, 1.5022993493333332
20130, 1.5022061820000001
20160, 1.5021124793333334
20190, 1.5020182416666665
20220, 1.5019234696666668
20250, 1.5018281636666668
20280, 1.5017323236666666
20310, 1.5016359499999998
20340, 1.5015390433333333
20370, 1.5014416043333332
20400, 1.5013436323333333
20430, 1.5012451286666668
20460, 1.5011460933333334
20490, 1.5010465266666666
20520, 1.5009464293333332
20550, 1.500845801
20580, 1.500744643
20610, 1.5006429546666666
20640, 1.5005407373333335
20670, 1.5004379906666667
20700, 1.5003347156666667
20730, 1.5002309120000001
20760, 1.5001265806666666
20790, 1.5000217219999998
20820, 1.499916336
20850, 1.4998104233333334
20880, 1.4997039843333333
20910, 1.4995970193333334
20940, 1.4994895286666665
20970, 1.499381513
21000, 1.4992729726666667
21030, 1.4991639079999999
21060, 1.4990543193333334
21090, 1.498944207
21120, 1.4988335716666668
21150, 1.4987224136666666
21180, 1.4986107333333332
21210, 1.498498531
21240, 1.4983858073333332
21270, 1.4982725626666666
21300, 1.4981587973333332
21330, 1.4980445116666667
21360, 1.4979297063333334
21390, 1.4978143813333333
21420, 1.4976985376666667
21450, 1.4975821756666665
21480, 1.4974652953333334
21510, 1.4973478973333334
21540, 1.4972299823333333
21570, 1.4971115503333332
21600, 1.496992602
21630, 1.496873138
21660, 1.4967531586666667
21690, 1.496632664
21720, 1.496511655
21750, 1.4963901316666668
21780, 1.4962680946666667
21810, 1.4961455446666667
21840, 1.4960224819999999
21870, 1.4958989070000002
21900, 1.49577482
21930, 1.4956502216666667
21960, 1.4955251123333335
21990, 1.4953994926666667
22020, 1.4952733633333335
22050, 1.495146724
22080, 1.495019576
22110, 1.4948919193333332
22140, 1.4947637543333334
22170, 1.494635082
22200, 1.4945059023333334
22230, 1.4943762163333334
22260, 1.494246024
22290, 1.4941153256666666
22320, 1.4939841223333334
22350, 1.4938524143333334
22380, 1.4937202023333331
22410, 1.4935874863333332
22440, 1.493454267
22470, 1.4933205453333334
22500, 1.493186321
22530, 1.493051595
22560, 1.492916368
22590, 1.4927806399999999
22620, 1.4926444116666666
22650, 1.492507684
22680, 1.4923704566666667
22710, 1.4922327309999999
22740, 1.492094507
22770, 1.4919557853333334
22800, 1.4918165663333334
22830, 1.491676851
22860, 1.4915366393333334
22890, 1.491395932
22920, 1.4912547296666667
22950, 1.4911130330000002
22980, 1.490970842
23010, 1.4908281576666667
23040, 1.4906849803333333
23070, 1.4905413106666667
23100, 1.490397149
23130, 1.490252496
23160, 1.4901073519999999
23190, 1.489961718
23220, 1.4898155943333333
23250, 1.4896689813333333
23280, 1.4895218796666667
23310, 1.48937429
23340, 1.4892262126666667
23370, 1.4890776486666668
23400, 1.488928598
23430, 1.4887790616666667
23460, 1.4886290396666666
23490, 1.4884785333333332
23520, 1.4883275426666667
23550, 1.4881760683333332
23580, 1.488024111
23610, 1.4878716713333333
23640, 1.4877187496666666
23670, 1.4875653466666667
23700, 1.4874114626666666
23730, 1.487257099
23760, 1.4871022553333333
23790, 1.4869469326666667
23820, 1.4867911316666667
23850, 1.486634853
23880, 1.4864780966666666
23910, 1.4863208639999999
23940, 1.486163155
23970, 1.4860049706666667
24000, 1.4858463116666667
24030, 1.485687178
24060, 1.4855275706666666
24090, 1.4853674903333332
24120, 1.4852069376666668
24150, 1.4850459126666669
24180, 1.4848844166666666
24210, 1.48472245
24240, 1.4845600133333334
24270, 1.484397107
24300, 1.4842337319999999
24330, 1.4840698886666666
24360, 1.4839055776666668
24390, 1.4837407996666667
24420, 1.4835755553333334
24450, 1.4834098453333333
24480, 1.48324367
24510, 1.4830770303333334
24540, 1.4829099266666668
24570, 1.48274236
24600, 1.4825743306666668
24630, 1.4824058393333335
24660, 1.4822368866666666
24690, 1.4820674733333334
24720, 1.4818975996666668
24750, 1.481727267
24780, 1.4815564753333335
24810, 1.4813852256666666
24840, 1.4812135183333335
24870, 1.4810413543333332
24900, 1.480868734
24930, 1.4806956583333333
24960, 1.4805221276666667
24990, 1.480348143
25020, 1.4801737046666668
25050, 1.4799988133333333
25080, 1.4798234700000001
25110, 1.479647675
25140, 1.4794714293333333
25170, 1.479294733
25200, 1.4791175876666667
25230, 1.478939993
25260, 1.4787619503333334
25290, 1.47858346
25320, 1.478404523
25350, 1.4782251396666668
25380, 1.478045311
25410, 1.4778650376666667
25440, 1.4776843199999998
25470, 1.477503159
25500, 1.4773215553333332
25530, 1.4771395096666666
25560, 1.4769570223333333
25590, 1.4767740946666668
25620, 1.476590727
25650, 1.47640692
25680, 1.4762226743333333
25710, 1.476037991
25740, 1.4758528706666667
25770, 1.4756673136666667
25800, 1.4754813210000002
25830, 1.4752948933333334
25860, 1.4751080313333333
25890, 1.474920736
25920, 1.4747330076666667
25950, 1.474544847
25980, 1.474356255
26010, 1.4741672323333335
26040, 1.4739777796666667
26070, 1.4737878976666667
26100, 1.4735975873333333
26130, 1.4734068489999999
26160, 1.4732156836666668
26190, 1.473024092
26220, 1.472832075
26250, 1.472639633
26280, 1.4724467666666667
26310, 1.472253477
26340, 1.472059765
26370, 1.4718656306666666
26400, 1.4716710756666667
26430, 1.4714761
26460, 1.4712807046666665
26490, 1.4710848906666667
26520, 1.4708886583333332
26550, 1.4706920086666666
26580, 1.4704949423333333
26610, 1.47029746
26640, 1.470099563
26670, 1.4699012513333334
26700, 1.4697025263333334
26730, 1.4695033883333335
26760, 1.4693038383333332
26790, 1.469103877
26820, 1.4689035053333332
26850, 1.468702724
26880, 1.4685015336666667
26910, 1.4682999350000001
26940, 1.4680979293333334
26970, 1.4678955166666667
27000, 1.4676926983333332
27030, 1.467489475
27060, 1.4672858476666666
27090, 1.4670818166666666
27120, 1.4668773830000001
27150, 1.4666725476666667
27180, 1.466467311
27210, 1.4662616743333332
27240, 1.466055638
27270, 1.4658492029999999
27300, 1.4656423703333334
27330, 1.4654351403333334
27360, 1.4652275143333333
27390, 1.4650194926666666
27420, 1.4648110766666667
27450, 1.4646022666666667
27480, 1.4643930636666667
27510, 1.4641834683333332
27540, 1.463973482
27570, 1.463763105
27600, 1.4635523380000002
27630, 1.4633411823333333
27660, 1.4631296386666666
27690, 1.4629177076666666
27720, 1.46270539
27750, 1.462492687
27780, 1.4622795993333333
27810, 1.4620661273333333
27840, 1.4618522726666667
27870, 1.4616380356666667
27900, 1.461423417
27930, 1.461208418
27960, 1.4609930393333332
27990, 1.4607772816666666
28020, 1.4605611459999999
28050, 1.460344633
28080, 1.460127744
28110, 1.4599104793333333
28140, 1.45969284
28170, 1.459474827
28200, 1.459256441
28230, 1.459037683
28260, 1.4588185536666667
28290, 1.458599054
28320, 1.458379185
28350, 1.4581589476666668
28380, 1.4579383423333334
28410, 1.4577173700000001
28440, 1.4574960319999999
28470, 1.4572743286666665
28500, 1.4570522613333332
28530, 1.4568298303333334
28560, 1.4566070373333333
28590, 1.4563838823333335
28620, 1.4561603666666667
28650, 1.4559364913333332
28680, 1.4557122569999998
28710, 1.4554876646666668
28740, 1.4552627153333333
28770, 1.4550374093333334
28800, 1.4548117483333334
28830, 1.4545857326666667
28860, 1.4543593636666667
28890, 1.454132642
28920, 1.4539055683333333
28950, 1.4536781436666666
28980, 1.4534503693333334
29010, 1.453222246
29040, 1.4529937743333334
29070, 1.4527649556666666
29100, 1.4525357903333334
29130, 1.4523062800000002
29160, 1.452076425
29190, 1.4518462263333334
29220, 1.451615685
29250, 1.451384802
29280, 1.4511535783333334
29310, 1.4509220146666666
29340, 1.450690112
29370, 1.4504578713333334
29400, 1.4502252936666666
29430, 1.4499923796666665
29460, 1.4497591303333333
29490, 1.449525547
29520, 1.4492916303333334
29550, 1.449057381
29580, 1.4488228003333332
29610, 1.4485878890000001
29640, 1.4483526483333333
29670, 1.448117079
29700, 1.4478811816666668
29730, 1.4476449576666666
29760, 1.447408408
29790, 1.4471715336666668
29820, 1.4469343353333335
29850, 1.4466968136666667
29880, 1.4464589703333333
29910, 1.4462208060000001
29940, 1.4459823216666667
29970, 1.4457435183333334
30000, 1.4455043966666667
30030, 1.4452649579999999
30060, 1.445025203
30090, 1.4447851329999999
30120, 1.4445447483333334
30150, 1.4443040506666667
30180, 1.4440630406666668
30210, 1.4438217196666667
30240, 1.4435800879999998
30270, 1.4433381470000002
30300, 1.4430958976666666
30330, 1.442853341
30360, 1.4426104776666666
30390, 1.4423673093333333
30420, 1.4421238363333333
30450, 1.44188006
30480, 1.4416359810000001
30510, 1.4413916006666667
30540, 1.44114692
30570, 1.4409019396666667
30600, 1.440656661
30630, 1.4404110849999998
30660, 1.4401652123333333
30690, 1.4399190443333334
30720, 1.439672582
30750, 1.4394258263333335
30780, 1.439178778
30810, 1.4389314383333334
30840, 1.4386838083333333
30870, 1.4384358886666666
30900, 1.438187681
30930, 1.4379391856666666
30960, 1.4376904043333334
30990, 1.4374413376666668
31020, 1.4371919863333333
31050, 1.4369423523333333
31080, 1.4366924356666668
31110, 1.436442238
31140, 1.43619176
31170, 1.435941003
31200, 1.435689968
31230, 1.4354386556666667
31260, 1.4351870673333333
31290, 1.4349352043333334
31320, 1.434683067
31350, 1.434430657
31380, 1.434177975
31410, 1.4339250223333335
31440, 1.4336717996666666
31470, 1.4334183083333334
31500, 1.4331645496666665
31530, 1.432910524
31560, 1.432656233
31590, 1.4324016773333332
31620, 1.432146858
31650, 1.4318917766666666
31680, 1.4316364336666667
31710, 1.4313808306666667
31740, 1.4311249683333334
31770, 1.4308688476666667
31800, 1.4306124703333334
31830, 1.4303558366666667
31860, 1.4300989480000001
31890, 1.4298418056666666
31920, 1.4295844103333333
31950, 1.4293267633333333
31980, 1.4290688656666668
32010, 1.4288107186666668
32040, 1.428552323
32070, 1.42829368
32100, 1.4280347903333332
32130, 1.4277756556666665
32160, 1.4275162769999998
32190, 1.427256655
32220, 1.426996791
32250, 1.4267366863333333
32280, 1.4264763416666668
32310, 1.4262157583333333
32340, 1.4259549373333333
32370, 1.4256938799999999
32400, 1.425432587
32430, 1.42517106
32460, 1.4249092996666666
32490, 1.4246473069999999
32520, 1.4243850833333334
32550, 1.42412263
32580, 1.4238599476666667
32610, 1.423597038
32640, 1.4233339013333333
32670, 1.4230705393333334
32700, 1.422806953
32730, 1.4225431436666667
32760, 1.422279112
32790, 1.4220148593333333
32820, 1.4217503866666665
32850, 1.4214856953333335
32880, 1.4212207863333335
32910, 1.420955661
32940, 1.42069032
32970, 1.4204247650000001
33000, 1.4201589966666668
33030, 1.4198930166666668
33060, 1.4196268256666666
33090, 1.4193604246666667
33120, 1.4190938153333332
33150, 1.4188269983333335
33180, 1.4185599753333333
33210, 1.4182927470000002
33240, 1.4180253146666666
33270, 1.4177576793333333
33300, 1.4174898423333333
33330, 1.4172218046666667
33360, 1.4169535676666667
33390, 1.416685132
33420, 1.4164164996666666
33450, 1.416147671
33480, 1.4158786476666667
33510, 1.4156094303333333
33540, 1.415340021
33570, 1.4150704196666666
33600, 1.4148006286666666
33630, 1.4145306483333333
33660, 1.4142604799999998
33690, 1.413990125
33720, 1.4137195846666668
33750, 1.4134488596666666
33780, 1.4131779513333333
33810, 1.412906861
33840, 1.41263559
33870, 1.4123641390000001
33900, 1.4120925096666668
33930, 1.411820703
33960, 1.4115487199999999
33990, 1.411276562
34020, 1.4110042299999999
34050, 1.4107317256666667
34080, 1.4104590496666667
34110, 1.4101862033333332
34140, 1.409913188
34170, 1.4096400046666666
34200, 1.4093666543333334
34230, 1.409093139
34260, 1.4088194589999998
34290, 1.4085456156666667
34320, 1.4082716106666666
34350, 1.407997445
34380, 1.4077231193333333
34410, 1.4074486356666667
34440, 1.4071739946666666
34470, 1.4068991976666665
34500, 1.4066242456666667
34530, 1.4063491403333332
34560, 1.4060738826666668
34590, 1.4057984736666667
34620, 1.405522915
34650, 1.4052472073333333
34680, 1.4049713523333334
34710, 1.4046953506666666
34740, 1.4044192043333334
34770, 1.4041429136666668
34800, 1.4038664806666667
34830, 1.4035899059999999
34860, 1.403313191
34890, 1.403036337
34920, 1.4027593453333334
34950, 1.402482217
34980, 1.4022049533333332
35010, 1.4019275553333332
35040, 1.4016500246666668
35070, 1.4013723623333334
35100, 1.4010945693333332
35130, 1.4008166473333334
35160, 1.400538597
35190, 1.40026042
35220, 1.3999821176666667
35250, 1.3997036909999998
35280, 1.3994251409999998
35310, 1.3991464696666667
35340, 1.3988676773333335
35370, 1.3985887656666667
35400, 1.398309736
35430, 1.3980305896666667
35460, 1.3977513273333333
35490, 1.397471951
35520, 1.3971924613333333
35550, 1.3969128596666667
35580, 1.3966331476666667
35610, 1.396353326
35640, 1.3960733963333334
35670, 1.3957933596666667
35700, 1.3955132176666667
35730, 1.395232971
35760, 1.3949526213333332
35790, 1.39467217
35820, 1.3943916176666666
35850, 1.3941109663333333
35880, 1.3938302166666667
35910, 1.3935493703333333
35940, 1.3932684286666668
35970, 1.3929873923333334
36000, 1.3927062633333334
36030, 1.3924250423333333
36060, 1.392143731
36090, 1.3918623303333335
36120, 1.3915808416666666
36150, 1.3912992663333335
36180, 1.3910176056666665
36210, 1.390735861
36240, 1.3904540333333335
36270, 1.390172124
36300, 1.3898901346666666
36330, 1.3896080659999999
36360, 1.3893259196666667
36390, 1.389043697
36420, 1.388761399
36450, 1.3884790273333334
36480, 1.3881965829999998
36510, 1.3879140669999999
36540, 1.3876314813333332
36570, 1.387348827
36600, 1.387066105
36630, 1.3867833166666665
36660, 1.3865004636666665
36690, 1.386217547
36720, 1.3859345680000001
36750, 1.385651528
36780, 1.3853684286666668
36810, 1.3850852703333334
36840, 1.3848020553333333
36870, 1.3845187843333333
36900, 1.3842354586666668
36930, 1.38395208
36960, 1.3836686493333334
36990, 1.383385168
37020, 1.3831016376666667
37050, 1.3828180589999999
37080, 1.3825344336666667
37110, 1.382250763
37140, 1.3819670483333335
37170, 1.3816832906666665
37200, 1.3813994916666665
37230, 1.3811156526666666
37260, 1.3808317746666667
37290, 1.380547859
37320, 1.3802639073333332
37350, 1.3799799206666665
37380, 1.3796959003333333
37410, 1.3794118480000002
37440, 1.3791277643333333
37470, 1.3788436513333333
37500, 1.37855951
37530, 1.3782753413333333
37560, 1.3779911473333333
37590, 1.3777069290000001
37620, 1.3774226873333333
37650, 1.3771384243333333
37680, 1.3768541406666666
37710, 1.376569838
37740, 1.3762855176666666
37770, 1.3760011806666668
37800, 1.375716829
37830, 1.3754324633333332
37860, 1.3751480853333333
37890, 1.3748636963333334
37920, 1.3745792973333333
37950, 1.37429489
37980, 1.3740104756666667
38010, 1.3737260556666668
38040, 1.3734416313333333
38070, 1.3731572036666668
38100, 1.3728727743333333
38130, 1.3725883446666667
38160, 1.3723039156666665
38190, 1.3720194893333333
38220, 1.3717350663333334
38250, 1.3714506483333333
38280, 1.3711662366666666
38310, 1.3708818326666665
38340, 1.3705974376666665
38370, 1.370313053
38400, 1.3700286803333332
38430, 1.3697443203333333
38460, 1.3694599746666667
38490, 1.3691756446666665
38520, 1.368891332
38550, 1.3686070376666666
38580, 1.368322763
38610, 1.3680385096666667
38640, 1.3677542786666668
38670, 1.3674700713333334
38700, 1.3671858893333333
38730, 1.366901734
38760, 1.3666176063333333
38790, 1.3663335079999999
38820, 1.3660494403333334
38850, 1.3657654046666667
38880, 1.3654814020000001
38910, 1.3651974343333333
38940, 1.3649135026666668
38970, 1.3646296083333334
39000, 1.3643457526666667
39030, 1.364061937
39060, 1.363778163
39090, 1.363494432
39120, 1.3632107450000002
39150, 1.3629271033333332
39180, 1.362643509
39210, 1.3623599626666667
39240, 1.3620764663333333
39270, 1.3617930206666669
39300, 1.3615096276666667
39330, 1.3612262883333335
39360, 1.3609430040000001
39390, 1.3606597763333335
39420, 1.3603766063333333
39450, 1.3600934956666666
39480, 1.3598104456666666
39510, 1.3595274576666665
39540, 1.359244533
39570, 1.3589616729999998
39600, 1.358678879
39630, 1.3583961526666668
39660, 1.358113495
39690, 1.3578309076666668
39720, 1.357548392
39750, 1.357265949
39780, 1.3569835806666666
39810, 1.3567012876666666
39840, 1.3564190723333334
39870, 1.3561369349999999
39900, 1.3558548776666666
39930, 1.3555729016666667
39960, 1.355291008
39990, 1.3550091986666666
40020, 1.3547274743333333
40050, 1.3544458369999999
40080, 1.354164288
40110, 1.3538828280000001
40140, 1.3536014593333334
40170, 1.3533201826666665
40200, 1.353039
40230, 1.352757912
40260, 1.3524769206666667
40290, 1.3521960270000002
40320, 1.3519152326666666
40350, 1.3516345386666666
40380, 1.3513539466666666
40410, 1.3510734583333333
40440, 1.3507930746666665
40470, 1.350512797
40500, 1.3502326266666667
40530, 1.3499525653333333
40560, 1.3496726143333333
40590, 1.349392775
40620, 1.349113049
40650, 1.3488334370000001
40680, 1.3485539413333334
40710, 1.3482745623333332
40740, 1.3479953023333333
40770, 1.3477161623333331
40800, 1.3474371436666666
40830, 1.3471582476666666
40860, 1.346879476
40890, 1.3466008296666667
40920, 1.3463223106666666
40950, 1.3460439196666665
40980, 1.3457656586666666
41010, 1.3454875286666668
41040, 1.345209531
41070, 1.3449316676666667
41100, 1.3446539393333334
41130, 1.3443763476666666
41160, 1.3440988943333334
41190, 1.3438215803333333
41220, 1.3435444073333334
41250, 1.3432673766666667
41280, 1.3429904896666667
41310, 1.3427137473333335
41340, 1.342437152
41370, 1.3421607043333335
41400, 1.3418844056666666
41430, 1.341608258
41460, 1.3413322619999999
41490, 1.3410564196666666
41520, 1.3407807323333334
41550, 1.340505201
41580, 1.3402298273333333
41610, 1.3399546126666666
41640, 1.3396795583333334
41670, 1.339404666
41700, 1.3391299366666667
41730, 1.338855372
41760, 1.3385809733333334
41790, 1.338306742
41820, 1.3380326796666666
41850, 1.3377587873333334
41880, 1.3374850666666667
41910, 1.337211519
41940, 1.3369381456666667
41970, 1.3366649480000001
42000, 1.3363919273333333
42030, 1.3361190856666667
42060, 1.3358464236666665
42090, 1.335573943
42120, 1.3353016453333333
42150, 1.3350295316666667
42180, 1.3347576033333335
42210, 1.334485862
42240, 1.3342143093333334
42270, 1.333942946
42300, 1.3336717740000001
42330, 1.3334007943333335
42360, 1.3331300086666666
42390, 1.3328594183333333
42420, 1.3325890246666667
42450, 1.3323188293333335
42480, 1.3320488333333333
42510, 1.3317790379999999
42540, 1.3315094453333334
42570, 1.331240056
42600, 1.3309708720000002
42630, 1.3307018943333333
42660, 1.3304331243333334
42690, 1.3301645640000002
42720, 1.3298962140000001
42750, 1.329628076
42780, 1.3293601516666667
42810, 1.3290924419999999
42840, 1.3288249486666668
42870, 1.3285576730000002
42900, 1.3282906163333332
42930, 1.3280237796666667
42960, 1.3277571653333333
42990, 1.3274907740000002
43020, 1.327224607
43050, 1.3269586660000001
43080, 1.3266929526666666
43110, 1.326427468
43140, 1.3261622133333333
43170, 1.32589719
43200, 1.3256324
43230, 1.325367844
43260, 1.325103524
43290, 1.3248394406666666
43320, 1.324575596
43350, 1.3243119913333334
43380, 1.3240486276666668
43410, 1.323785507
43440, 1.32352263
43470, 1.3232599983333333
43500, 1.3229976136666666
43530, 1.3227354773333333
43560, 1.3224735903333333
43590, 1.3222119543333335
43620, 1.3219505706666665
43650, 1.3216894406666666
43680, 1.3214285656666667
43710, 1.3211679473333333
43740, 1.3209075866666666
43770, 1.3206474853333334
43800, 1.3203876446666667
43830, 1.3201280663333332
43860, 1.319868751
43890, 1.3196097003333334
43920, 1.319350916
43950, 1.3190923993333334
43980, 1.3188341513333335
44010, 1.3185761736666668
44040, 1.3183184676666666
44070, 1.3180610346666668
44100, 1.317803876
44130, 1.3175469933333332
44160, 1.3172903876666666
44190, 1.3170340606666666
44220, 1.3167780136666667
44250, 1.3165222476666667
44280, 1.3162667643333332
44310, 1.3160115653333333
44340, 1.3157566513333334
44370, 1.3155020243333333
44400, 1.3152476853333335
44430, 1.314993636
44460, 1.3147398776666668
44490, 1.3144864113333334
44520, 1.3142332386666666
44550, 1.313980361
44580, 1.3137277793333335
44610, 1.3134754956666668
44640, 1.3132235113333333
44670, 1.3129718270000001
44700, 1.3127204446666667
44730, 1.3124693653333332
44760, 1.3122185906666666
44790, 1.3119681220000001
44820, 1.3117179603333333
44850, 1.3114681073333332
44880, 1.3112185643333332
44910, 1.3109693323333333
44940, 1.3107204133333334
44970, 1.3104718083333333
45000, 1.3102235186666666
45030, 1.3099755456666666
45060, 1.3097278906666665
45090, 1.3094805553333333
45120, 1.3092335406666666
45150, 1.308986848
45180, 1.3087404790000001
45210, 1.3084944346666665
45240, 1.3082487166666665
45270, 1.3080033260000001
45300, 1.3077582643333334
45330, 1.307513533
45360, 1.307269133
45390, 1.307025066
45420, 1.3067813333333334
45450, 1.306537936
45480, 1.3062948756666666
45510, 1.3060521536666667
45540, 1.305809771
45570, 1.3055677296666668
45600, 1.3053260303333334
45630, 1.3050846746666667
45660, 1.304843664
45690, 1.3046029993333335
45720, 1.3043626826666666
45750, 1.3041227146666665
45780, 1.303883097
45810, 1.3036438306666667
45840, 1.3034049173333333
45870, 1.3031663583333333
45900, 1.302928155
45930, 1.3026903083333334
45960, 1.30245282
45990, 1.302215691
46020, 1.301978923
46050, 1.3017425173333335
46080, 1.3015064746666667
46110, 1.3012707973333333
46140, 1.3010354856666666
46170, 1.3008005416666666
46200, 1.3005659663333333
46230, 1.300331761
46260, 1.300097927
46290, 1.2998644656666667
46320, 1.2996313783333333
46350, 1.299398666
46380, 1.2991663306666665
46410, 1.2989343729999998
46440, 1.2987027946666667
46470, 1.2984715966666667
46500, 1.2982407803333333
46530, 1.2980103473333333
46560, 1.2977802983333333
46590, 1.2975506353333333
46620, 1.2973213593333333
46650, 1.2970924713333334
46680, 1.296863973
46710, 1.2966358656666666
46740, 1.29640815
46770, 1.2961808283333334
46800, 1.295953901
46830, 1.2957273696666667
46860, 1.2955012356666669
46890, 1.2952755
46920, 1.2950501643333334
46950, 1.29482523
46980, 1.2946006976666666
47010, 1.294376569
47040, 1.2941528453333333
47070, 1.293929528
47100, 1.293706618
47130, 1.2934841166666666
47160, 1.2932620256666667
47190, 1.2930403456666666
47220, 1.292819078
47250, 1.2925982246666667
47280, 1.292377786
47310, 1.2921577636666666
47340, 1.291938159
47370, 1.2917189729999998
47400, 1.291500207
47430, 1.2912818626666667
47460, 1.2910639406666666
47490, 1.2908464426666666
47520, 1.2906293696666666
47550, 1.290412723
47580, 1.290196504
47610, 1.2899807136666666
47640, 1.2897653533333335
47670, 1.2895504243333333
47700, 1.289335928
47730, 1.2891218653333332
47760, 1.2889082376666665
47790, 1.2886950463333333
47820, 1.2884822923333334
47850, 1.2882699770000001
47880, 1.2880581016666668
47910, 1.2878466673333333
47940, 1.2876356753333333
47970, 1.2874251273333335
48000, 1.2872150236666666
48030, 1.2870053663333332
48060, 1.286796156
48090, 1.2865873943333335
48120, 1.286379082
48150, 1.286171221
48180, 1.2859638116666667
48210, 1.2857568560000001
48240, 1.2855503543333333
48270, 1.2853443086666667
48300, 1.28513872
48330, 1.2849335893333333
48360, 1.2847289176666667
48390, 1.284524707
48420, 1.2843209576666668
48450, 1.2841176713333333
48480, 1.2839148486666667
48510, 1.2837124916666667
48540, 1.283510601
48570, 1.2833091779999999
48600, 1.2831082236666667
48630, 1.2829077393333332
48660, 1.2827077260000002
48690, 1.282508185
48720, 1.2823091176666668
48750, 1.282110525
48780, 1.2819124080000002
48810, 1.281714768
48840, 1.2815176063333333
48870, 1.281320924
48900, 1.281124722
48930, 1.2809290016666666
48960, 1.280733764
48990, 1.2805390103333332
49020, 1.2803447416666667
49050, 1.2801509593333333
49080, 1.2799576643333335
49110, 1.279764858
49140, 1.2795725413333334
49170, 1.2793807153333334
49200, 1.2791893813333333
49230, 1.2789985406666666
49260, 1.278808194
49290, 1.2786183423333333
49320, 1.2784289876666668
49350, 1.2782401303333333
49380, 1.2780517716666666
49410, 1.277863913
49440, 1.2776765553333334
49470, 1.2774896996666667
49500, 1.2773033470000001
49530, 1.277117499
49560, 1.2769321563333333
49590, 1.27674732
49620, 1.2765629913333334
49650, 1.2763791713333335
49680, 1.2761958613333333
49710, 1.2760130623333332
49740, 1.275830775
49770, 1.2756490010000001
49800, 1.2754677413333333
49830, 1.2752869966666667
49860, 1.2751067686666666
49890, 1.274927058
49920, 1.2747478656666666
49950, 1.274569193
49980, 1.2743910413333333
50010, 1.2742134113333334
50040, 1.274036304
50070, 1.2738597206666666
50100, 1.2736836623333332
50130, 1.27350813
50160, 1.2733331246666666
50190, 1.2731586473333334
50220, 1.2729846996666667
50250, 1.272811282
50280, 1.2726383953333333
50310, 1.2724660413333333
50340, 1.2722942210000001
50370, 1.2721229346666667
50400, 1.2719521839999999
50430, 1.2717819696666668
50460, 1.271612293
50490, 1.271443155
50520, 1.2712745566666668
50550, 1.2711064986666667
50580, 1.2709389823333332
50610, 1.2707720089999999
50640, 1.270605579
50670, 1.270439694
50700, 1.2702743546666666
50730, 1.270109562
50760, 1.269945317
50790, 1.2697816206666666
50820, 1.2696184743333332
50850, 1.2694558786666668
50880, 1.2692938346666667
50910, 1.2691323433333332
50940, 1.2689714056666668
50970, 1.268811023
51000, 1.2686511956666666
51030, 1.2684919253333333
51060, 1.2683332123333335
51090, 1.268175058
51120, 1.2680174633333334
51150, 1.2678604293333333
51180, 1.2677039566666666
51210, 1.2675480466666667
51240, 1.2673927
51270, 1.267237918
51300, 1.267083701
51330, 1.2669300506666668
51360, 1.2667769673333333
51390, 1.2666244523333334
51420, 1.2664725066666667
51450, 1.2663211306666666
51480, 1.266170326
51510, 1.2660200933333332
51540, 1.2658704336666666
51570, 1.2657213476666667
51600, 1.2655728363333334
51630, 1.2654249006666667
51660, 1.2652775416666666
51690, 1.2651307603333333
51720, 1.2649845573333334
51750, 1.2648389336666666
51780, 1.2646938903333333
51810, 1.264549428
51840, 1.2644055476666667
51870, 1.2642622503333334
51900, 1.264119537
51930, 1.2639774083333333
51960, 1.2638358653333333
51990, 1.2636949086666667
52020, 1.2635545396666668
52050, 1.2634147586666666
52080, 1.263275567
52110, 1.2631369653333333
52140, 1.2629989543333333
52170, 1.2628615353333332
52200, 1.2627247086666666
52230, 1.2625884756666665
52260, 1.262452837
52290, 1.2623177936666667
52320, 1.2621833463333334
52350, 1.2620494956666666
52380, 1.2619162430000002
52410, 1.2617835886666666
52440, 1.2616515339999999
52470, 1.2615200793333334
52500, 1.2613892256666668
52530, 1.261258974
52560, 1.2611293253333333
52590, 1.26100028
52620, 1.260871839
52650, 1.260744003
52680, 1.2606167733333333
52710, 1.2604901503333332
52740, 1.260364135
52770, 1.2602387276666667
52800, 1.26011393
52830, 1.259989742
52860, 1.259866165
52890, 1.2597431996666668
52920, 1.2596208463333334
52950, 1.2594991063333334
52980, 1.2593779803333331
53010, 1.259257469
53040, 1.259137573
53070, 1.2590182933333334
53100, 1.2588996303333333
53130, 1.2587815853333333
53160, 1.258664159
53190, 1.2585473516666665
53220, 1.2584311643333332
53250, 1.258315598
53280, 1.2582006526666667
53310, 1.2580863299999998
53340, 1.2579726303333334
53370, 1.257859554
53400, 1.2577471023333333
53430, 1.2576352756666667
53460, 1.2575240749999999
53490, 1.257413501
53520, 1.257303554
53550, 1.2571942353333332
53580, 1.2570855453333334
53610, 1.2569774846666668
53640, 1.256870054
53670, 1.2567632543333334
53700, 1.2566570863333333
53730, 1.2565515503333333
53760, 1.256446647
53790, 1.2563423776666667
53820, 1.2562387423333334
53850, 1.2561357419999999
53880, 1.2560333769999998
53910, 1.2559316486666665
53940, 1.2558305570000001
53970, 1.255730103
54000, 1.2556302873333334
54030, 1.2555311103333333
54060, 1.255432573
54090, 1.255334676
54120, 1.2552374196666667
54150, 1.2551408046666666
54180, 1.255044832
54210, 1.254949502
54240, 1.2548548153333332
54270, 1.2547607726666667
54300, 1.2546673746666668
54330, 1.2545746216666667
54360, 1.2544825146666665
54390, 1.254391054
54420, 1.2543002406666666
54450, 1.2542100746666667
54480, 1.254120557
54510, 1.254031688
54540, 1.2539434686666666
54570, 1.2538558993333333
54600, 1.2537689803333334
54630, 1.2536827126666668
54660, 1.253597097
54690, 1.2535121333333334
54720, 1.2534278223333333
54750, 1.2533441653333333
54780, 1.253261162
54810, 1.2531788130000001
54840, 1.2530971193333333
54870, 1.2530160813333333
54900, 1.2529356996666667
54930, 1.2528559746666665
54960, 1.2527769066666665
54990, 1.2526984966666668
55020, 1.252620745
55050, 1.2525436523333333
55080, 1.2524672186666668
55110, 1.2523914453333334
55140, 1.252316332
55170, 1.2522418796666668
55200, 1.252168089
55230, 1.25209496
55260, 1.2520224933333335
55290, 1.2519506896666666
55320, 1.2518795496666666
55350, 1.2518090733333334
55380, 1.2517392613333334
55410, 1.251670114
55440, 1.2516016319999999
55470, 1.251533816
55500, 1.2514666663333334
55530, 1.2514001829999999
55560, 1.2513343670000001
55590, 1.2512692186666665
55620, 1.2512047383333333
55650, 1.2511409266666667
55680, 1.2510777836666667
55710, 1.2510153103333332
55740, 1.2509535066666668
55770, 1.250892373
55800, 1.2508319103333332
55830, 1.2507721186666665
55860, 1.2507129986666667
55890, 1.2506545503333333
55920, 1.2505967746666669
55950, 1.2505396713333332
55980, 1.2504832413333333
56010, 1.2504274850000001
56040, 1.2503724023333334
56070, 1.250317994
56100, 1.2502642606666667
56130, 1.250211202
56160, 1.250158819
56190, 1.250107112
56220, 1.2500560809999999
56250, 1.2500057266666667
56280, 1.249956049
56310, 1.2499070486666666
56340, 1.2498587263333334
56370, 1.2498110816666665
56400, 1.2497641153333334
56430, 1.2497178276666667
56460, 1.249672219
56490, 1.2496272899999998
56520, 1.2495830403333335
56550, 1.2495394706666667
56580, 1.2494965813333334
56610, 1.2494543726666667
56640, 1.2494128446666668
56670, 1.2493719983333333
56700, 1.2493318333333332
56730, 1.2492923500000002
56760, 1.2492535489999999
56790, 1.2492154303333334
56820, 1.2491779943333334
56850, 1.2491412413333334
56880, 1.2491051716666666
56910, 1.2490697856666666
56940, 1.2490350833333335
56970, 1.2490010649999999
57000, 1.2489677309999998
57030, 1.248935082
57060, 1.2489031173333334
57090, 1.248871838
57120, 1.2488412439999999
57150, 1.2488113356666666
57180, 1.248782113
57210, 1.2487535763333335
57240, 1.248725726
57270, 1.2486985623333333
57300, 1.2486720850000002
57330, 1.248646295
57360, 1.2486211919999999
57390, 1.2485967763333332
57420, 1.2485730483333333
57450, 1.248550008
57480, 1.2485276556666667
57510, 1.2485059913333332
57540, 1.2484850153333333
57570, 1.248464728
57600, 1.2484451293333332
57630, 1.2484262196666667
57660, 1.2484079986666667
57690, 1.2483904670000001
57720, 1.2483736250000002
57750, 1.2483574720000001
57780, 1.248342009
57810, 1.2483272356666668
57840, 1.2483131523333333
57870, 1.2482997593333334
57900, 1.2482870563333335
57930, 1.2482750436666665
57960, 1.2482637213333334
57990, 1.2482530900000002
58020, 1.2482431489999999
58050, 1.2482338993333333
58080, 1.2482253403333334
58110, 1.2482174723333335
58140, 1.2482102956666667
58170, 1.24820381
58200, 1.2481980160000001
58230, 1.2481929133333334
58260, 1.248188502
58290, 1.2481847826666665
58320, 1.2481817546666665
58350, 1.2481794186666666
58380, 1.2481777743333333
58410, 1.248176822
58440, 1.2481765613333333
58470, 1.248176993
58500, 1.2481781166666666
58530, 1.2481799323333334
58560, 1.2481824403333335
58590, 1.2481856403333333
58620, 1.2481895323333332
58650, 1.248194117
58680, 1.2481993936666667
58710, 1.248205363
58740, 1.2482120243333332
58770, 1.248219378
58800, 1.248227424
58830, 1.2482361623333333
58860, 1.248245593
58890, 1.248255716
58920, 1.2482665316666666
58950, 1.2482780393333333
58980, 1.2482902393333333
59010, 1.2483031313333333
59040, 1.248316716
59070, 1.2483309926666666
59100, 1.2483459616666668
59130, 1.2483616226666667
59160, 1.2483779756666669
59190, 1.248395021
59220, 1.2484127583333333
59250, 1.2484311873333334
59280, 1.2484503083333334
59310, 1.2484701213333333
59340, 1.248490626
59370, 1.2485118223333334
59400, 1.2485337103333334
59430, 1.2485562896666667
59460, 1.2485795606666668
59490, 1.248603523
59520, 1.2486281766666667
59550, 1.2486535213333334
59580, 1.248679557
59610, 1.248706284
59640, 1.2487337016666666
59670, 1.24876181
59700, 1.248790609
59730, 1.2488200983333333
59760, 1.2488502783333333
59790, 1.2488811483333333
59820, 1.2489127086666667
59850, 1.2489449586666665
59880, 1.2489778986666666
59910, 1.2490115283333334
59940, 1.2490458476666666
59970, 1.2490808563333333
60000, 1.249116554
60030, 1.2491529406666666
60060, 1.2491900166666667
60090, 1.2492277809999999
60120, 1.249266234
60150, 1.249305375
60180, 1.2493452046666667
60210, 1.249385722
60240, 1.249426927
60270, 1.24946882
60300, 1.2495114
60330, 1.2495546673333333
60360, 1.2495986213333332
60390, 1.2496432623333333
60420, 1.2496885899999999
60450, 1.2497346036666666
60480, 1.2497813036666667
60510, 1.2498286893333335
60540, 1.2498767606666668
60570, 1.2499255176666666
60600, 1.2499749593333334
60630, 1.250025086
60660, 1.2500758973333332
60690, 1.2501273929999999
60720, 1.250179573
60750, 1.2502324366666668
60780, 1.250285984
60810, 1.2503402143333335
60840, 1.250395128
60870, 1.2504507243333334
60900, 1.250507003
60930, 1.2505639640000001
60960, 1.250621607
60990, 1.2506799313333334
61020, 1.250738937
61050, 1.2507986236666666
61080, 1.250858991
61110, 1.2509200386666668
61140, 1.2509817663333334
61170, 1.251044174
61200, 1.2511072606666667
61230, 1.2511710266666667
61260, 1.2512354713333333
61290, 1.2513005943333335
61320, 1.2513663953333332
61350, 1.2514328739999998
61380, 1.2515000303333335
61410, 1.2515678633333334
61440, 1.251636373
61470, 1.251705559
61500, 1.251775421
61530, 1.2518459583333332
61560, 1.251917171
61590, 1.2519890583333335
61620, 1.2520616199999999
61650, 1.2521348559999999
61680, 1.2522087653333334
61710, 1.252283348
61740, 1.2523586036666667
61770, 1.2524345313333334
61800, 1.2525111313333332
61830, 1.252588403
61860, 1.2526663456666667
61890, 1.2527449593333333
61920, 1.2528242429999998
61950, 1.252904197
61980, 1.2529848203333334
62010, 1.2530661126666667
62040, 1.2531480736666667
62070, 1.253230703
62100, 1.2533139996666667
62130, 1.253397964
62160, 1.2534825950000001
62190, 1.2535678926666667
62220, 1.253653856
62250, 1.2537404846666667
62280, 1.2538277786666667
62310, 1.253915737
62340, 1.2540043593333334
62370, 1.2540936453333333
62400, 1.254183594
62430, 1.2542742056666665
62460, 1.2543654793333334
62490, 1.2544574146666667
62520, 1.2545500109999999
62550, 1.2546432676666666
62580, 1.2547371846666666
62610, 1.2548317613333333
62640, 1.2549269966666665
62670, 1.2550228909999999
62700, 1.255119443
62730, 1.2552166526666666
62760, 1.2553145190000001
62790, 1.255413042
62820, 1.2555122206666667
62850, 1.255612055
62880, 1.2557125436666665
62910, 1.2558136869999998
62940, 1.2559154836666668
62970, 1.2560179336666668
63000, 1.256121036
63030, 1.2562247906666666
63060, 1.2563291966666668
63090, 1.2564342533333335
63120, 1.2565399603333334
63150, 1.2566463170000002
63180, 1.256753323
63210, 1.2568609773333335
63240, 1.2569692796666665
63270, 1.257078229
63300, 1.2571878253333333
63330, 1.257298068
63360, 1.2574089560000001
63390, 1.257520489
63420, 1.2576326663333333
63450, 1.257745487
63480, 1.257858951
63510, 1.2579730576666666
63540, 1.2580878056666667
63570, 1.2582031953333335
63600, 1.2583192253333335
63630, 1.258435895
63660, 1.2585532043333334
63690, 1.258671152
63720, 1.2587897376666666
63750, 1.2589089606666666
63780, 1.2590288203333333
63810, 1.2591493163333332
63840, 1.2592704473333332
63870, 1.259392213
63900, 1.2595146126666668
63930, 1.2596376456666667
63960, 1.2597613113333332
63990, 1.259885609
64020, 1.2600105376666666
64050, 1.2601360973333333
64080, 1.2602622866666666
64110, 1.260389105
64140, 1.2605165523333333
64170, 1.260644627
64200, 1.260773329
64230, 1.2609026573333333
64260, 1.2610326113333334
64290, 1.26116319
64320, 1.2612943933333334
64350, 1.26142622
64380, 1.2615586693333334
64410, 1.2616917406666668
64440, 1.2618254333333334
64470, 1.2619597466666668
64500, 1.26209468
64530, 1.2622302323333332
64560, 1.2623664026666668
64590, 1.262503191
64620, 1.262640596
64650, 1.2627786170000002
64680, 1.2629172533333333
64710, 1.2630565043333333
64740, 1.263196369
64770, 1.2633368466666666
64800, 1.2634779366666666
64830, 1.263619638
64860, 1.2637619500000001
64890, 1.263904872
64920, 1.264048403
64950, 1.2641925423333333
64980, 1.2643372893333333
65010, 1.264482643
65040, 1.2646286023333333
65070, 1.264775167
65100, 1.264922336
65130, 1.2650701083333333
65160, 1.2652184836666667
65190, 1.2653674606666667
65220, 1.2655170386666668
65250, 1.2656672166666667
65280, 1.2658179943333334
65310, 1.2659693706666666
65340, 1.2661213446666666
65370, 1.2662739153333333
65400, 1.2664270823333332
65430, 1.2665808443333333
65460, 1.2667352006666668
65490, 1.2668901506666665
65520, 1.2670456933333334
65550, 1.2672018276666668
65580, 1.267358553
65610, 1.2675158686666665
65640, 1.2676737733333332
65670, 1.2678322663333332
65700, 1.2679913466666666
65730, 1.268151014
65760, 1.2683112666666667
65790, 1.2684721046666667
65820, 1.2686335263333335
65850, 1.268795531
65880, 1.268958118
65910, 1.2691212863333332
65940, 1.269285035
65970, 1.2694493633333335
66000, 1.2696142700000002
66030, 1.2697797546666667
66060, 1.269945816
66090, 1.2701124533333332
66120, 1.2702796653333333
66150, 1.2704474516666666
66180, 1.2706158109999999
66210, 1.2707847426666667
66240, 1.2709542456666667
66270, 1.2711243190000001
66300, 1.2712949616666667
66330, 1.271466173
66360, 1.2716379519999998
66390, 1.2718102973333334
66420, 1.2719832086666667
66450, 1.2721566843333334
66480, 1.2723307243333335
66510, 1.2725053266666666
66540, 1.2726804913333334
66570, 1.2728562166666666
66600, 1.2730325020000002
66630, 1.2732093463333334
66660, 1.273386749
66690, 1.2735647083333332
66720, 1.273743224
66750, 1.273922295
66780, 1.27410192
66810, 1.274282098
66840, 1.2744628283333335
66870, 1.27464411
66900, 1.2748259419999999
66930, 1.275008323
66960, 1.2751912523333333
66990, 1.275374729
67020, 1.275558752
67050, 1.2757433203333333
67080, 1.2759284326666667
67110, 1.2761140886666666
67140, 1.2763002866666666
67170, 1.2764870256666667
67200, 1.2766743053333334
67230, 1.276862124
67260, 1.2770504809999998
67290, 1.277239375
67320, 1.2774288053333331
67350, 1.2776187706666666
67380, 1.27780927
67410, 1.2780003026666666
67440, 1.2781918673333335
67470, 1.278383963
67500, 1.2785765883333333
67530, 1.278769743
67560, 1.2789634253333333
67590, 1.2791576346666667
67620, 1.2793523696666667
67650, 1.2795476293333332
67680, 1.2797434126666667
67710, 1.2799397190000001
67740, 1.2801365466666665
67770, 1.2803338946666667
67800, 1.2805317623333334
67830, 1.2807301483333333
67860, 1.2809290516666667
67890, 1.281128471
67920, 1.2813284059999999
67950, 1.2815288546666666
67980, 1.2817298166666666
68010, 1.2819312903333333
68040, 1.2821332749999999
68070, 1.2823357693333335
68100, 1.2825387726666666
68130, 1.2827422833333333
68160, 1.2829463003333335
68190, 1.2831508230000002
68220, 1.28335585
68250, 1.2835613803333332
68280, 1.2837674126666665
68310, 1.283973946
68340, 1.2841809789999998
68370, 1.2843885113333333
68400, 1.284596541
68430, 1.2848050673333333
68460, 1.285014089
68490, 1.2852236053333332
68520, 1.2854336146666667
68550, 1.2856441163333332
68580, 1.2858551086666665
68610, 1.2860665913333333
68640, 1.2862785623333333
68670, 1.286491021
68700, 1.2867039663333333
68730, 1.2869173969999999
68760, 1.287131312
68790, 1.2873457096666665
68820, 1.2875605896666666
68850, 1.2877759503333333
68880, 1.2879917906666667
68910, 1.2882081093333333
68940, 1.2884249056666666
68970, 1.2886421780000001
69000, 1.2888599256666666
69030, 1.2890781470000001
69060, 1.2892968413333332
69090, 1.2895160069999998
69120, 1.289735643
69150, 1.2899557486666666
69180, 1.2901763223333333
69210, 1.2903973626666667
69240, 1.290618869
69270, 1.29084084
69300, 1.2910632743333332
69330, 1.2912861709999999
69360, 1.2915095286666667
69390, 1.2917333463333334
69420, 1.2919576226666667
69450, 1.2921823566666666
69480, 1.2924075469999998
69510, 1.2926331923333334
69540, 1.292859292
69570, 1.2930858443333333
69600, 1.2933128483333334
69630, 1.2935403026666668
69660, 1.2937682063333333
69690, 1.2939965580000001
69720, 1.2942253563333335
69750, 1.2944546006666666
69780, 1.2946842893333332
69810, 1.294914421
69840, 1.295144995
69870, 1.2953760096666667
69900, 1.295607464
69930, 1.295839357
69960, 1.296071687
69990, 1.296304453
70020, 1.2965376536666666
70050, 1.296771288
70080, 1.2970053546666667
70110, 1.2972398523333333
70140, 1.2974747803333333
70170, 1.2977101366666668
70200, 1.2979459203333334
70230, 1.2981821306666665
70260, 1.2984187656666666
70290, 1.2986558246666666
70320, 1.298893306
70350, 1.2991312086666666
70380, 1.2993695313333333
70410, 1.299608273
70440, 1.2998474323333333
70470, 1.300087008
70500, 1.3003269986666668
70530, 1.3005674033333334
70560, 1.3008082206666667
70590, 1.3010494493333333
70620, 1.3012910883333335
70650, 1.301533136
70680, 1.3017755913333333
70710, 1.3020184533333334
70740, 1.3022617203333333
70770, 1.302505391
70800, 1.3027494646666666
70830, 1.3029939393333334
70860, 1.3032388143333333
70890, 1.3034840883333334
70920, 1.30372976
70950, 1.3039758276666666
70980, 1.3042222906666667
71010, 1.3044691476666668
71040, 1.304716397
71070, 1.3049640373333333
71100, 1.3052120680000001
71130, 1.3054604873333333
71160, 1.3057092943333335
71190, 1.3059584873333332
71220, 1.3062080653333334
71250, 1.306458027
71280, 1.306708371
71310, 1.3069590963333333
71340, 1.3072102013333333
71370, 1.3074616846666667
71400, 1.3077135453333333
71430, 1.3079657823333333
71460, 1.3082183936666667
71490, 1.3084713786666669
71520, 1.3087247353333333
71550, 1.3089784633333332
71580, 1.3092325606666666
71610, 1.3094870263333334
71640, 1.3097418586666667
71670, 1.309997057
71700, 1.3102526196666666
71730, 1.3105085453333334
71760, 1.3107648330000001
71790, 1.3110214809999998
71820, 1.311278488
71850, 1.3115358529999999
71880, 1.311793575
71910, 1.3120516516666667
71940, 1.3123100826666667
71970, 1.3125688663333335
72000, 1.3128280013333333
72030, 1.3130874866666666
72060, 1.3133473203333332
72090, 1.3136075016666668
72120, 1.3138680293333334
72150, 1.3141289016666666
72180, 1.3143901173333332
72210, 1.3146516756666666
72240, 1.3149135746666667
72270, 1.315175813
72300, 1.31543839
72330, 1.315701304
72360, 1.3159645533333333
72390, 1.3162281373333333
72420, 1.316492054
72450, 1.3167563026666667
72480, 1.3170208816666666
72510, 1.3172857896666668
72540, 1.3175510253333333
72570, 1.3178165873333332
72600, 1.3180824746666666
72630, 1.3183486853333333
72660, 1.318615219
72690, 1.3188820733333333
72720, 1.3191492476666666
72750, 1.3194167403333334
72780, 1.3196845503333334
72810, 1.319952676
72840, 1.3202211160000001
72870, 1.3204898693333333
72900, 1.3207589343333335
72930, 1.32102831
72960, 1.3212979946666668
72990, 1.321567987
73020, 1.321838286
73050, 1.32210889
73080, 1.3223797979999998
73110, 1.3226510083333334
73140, 1.3229225196666667
73170, 1.323194331
73200, 1.3234664406666665
73230, 1.3237388473333334
73260, 1.32401155
73290, 1.324284547
73320, 1.3245578370000002
73350, 1.3248314186666668
73380, 1.3251052906666667
73410, 1.325379452
73440, 1.325653901
73470, 1.325928636
73500, 1.3262036563333333
73530, 1.3264789603333333
73560, 1.3267545466666666
73590, 1.3270304136666666
73620, 1.3273065606666667
73650, 1.3275829856666665
73680, 1.327859688
73710, 1.3281366653333333
73740, 1.3284139173333334
73770, 1.328691442
73800, 1.3289692383333331
73830, 1.3292473046666666
73860, 1.32952564
73890, 1.3298042426666665
73920, 1.3300831113333333
73950, 1.3303622449999999
73980, 1.330641642
74010, 1.330921301
74040, 1.3312012206666666
74070, 1.3314813996666666
74100, 1.3317618366666666
74130, 1.3320425303333334
74160, 1.3323234793333334
74190, 1.332604682
74220, 1.3328861373333334
74250, 1.333167844
74280, 1.3334498003333333
74310, 1.3337320049999999
74340, 1.334014457
74370, 1.334297155
74400, 1.334580097
74430, 1.3348632820000002
74460, 1.335146709
74490, 1.335430376
74520, 1.3357142823333334
74550, 1.335998426
74580, 1.3362828056666667
74610, 1.3365674206666667
74640, 1.3368522686666668
74670, 1.337137349
74700, 1.3374226603333335
74730, 1.3377082009999999
74760, 1.3379939696666667
74790, 1.3382799646666668
74820, 1.3385661853333333
74850, 1.3388526299999999
74880, 1.339139297
74910, 1.3394261856666667
74940, 1.3397132936666667
74970, 1.3400006203333332
75000, 1.3402881643333333
75030, 1.3405759240000001
75060, 1.340863898
75090, 1.341152085
75120, 1.3414404836666667
75150, 1.3417290926666667
75180, 1.3420179103333334
75210, 1.342306936
75240, 1.3425961676666667
75270, 1.342885604
75300, 1.343175244
75330, 1.343465086
75360, 1.3437551286666667
75390, 1.3440453706666666
75420, 1.3443358106666667
75450, 1.3446264473333334
75480, 1.3449172793333333
75510, 1.345208305
75540, 1.3454995233333333
75570, 1.3457909326666668
75600, 1.346082532
75630, 1.3463743196666667
75660, 1.3466662943333334
75690, 1.3469584546666666
75720, 1.3472507993333334
75750, 1.3475433266666668
75780, 1.347836036
75810, 1.3481289253333333
75840, 1.3484219933333332
75870, 1.348715239
75900, 1.3490086606666667
75930, 1.349302257
75960, 1.3495960266666667
75990, 1.3498899683333334
76020, 1.350184081
76050, 1.3504783623333334
76080, 1.350772812
76110, 1.3510674280000001
76140, 1.351362209
76170, 1.351657154
76200, 1.351952261
76230, 1.3522475293333334
76260, 1.3525429573333334
76290, 1.3528385436666668
76320, 1.353134287
76350, 1.3534301856666668
76380, 1.3537262386666666
76410, 1.3540224443333333
76440, 1.3543188016666665
76470, 1.354615309
76500, 1.3549119653333332
76530, 1.3552087686666665
76560, 1.3555057179999999
76590, 1.3558028123333334
76620, 1.3561000496666666
76650, 1.3563974286666667
76680, 1.3566949486666668
76710, 1.3569926073333334
76740, 1.3572904043333334
76770, 1.3575883373333333
76800, 1.3578864056666666
76830, 1.3581846076666666
76860, 1.358482942
76890, 1.3587814070000002
76920, 1.359080002
76950, 1.359378725
76980, 1.359677575
77010, 1.3599765506666666
77040, 1.3602756503333333
77070, 1.360574873
77100, 1.3608742166666667
77130, 1.3611736806666668
77160, 1.3614732633333333
77190, 1.3617729636666667
77220, 1.3620727796666667
77250, 1.3623727103333334
77280, 1.3626727543333335
77310, 1.36297291
77340, 1.3632731763333332
77370, 1.3635735519999999
77400, 1.3638740353333334
77430, 1.3641746253333333
77460, 1.3644753203333335
77490, 1.364776119
77520, 1.3650770200000002
77550, 1.3653780223333334
77580, 1.365679124
77610, 1.3659803243333335
77640, 1.3662816213333333
77670, 1.3665830143333333
77700, 1.3668845013333333
77730, 1.3671860809999998
77760, 1.3674877526666667
77790, 1.3677895143333334
77820, 1.3680913646666666
77850, 1.3683933026666668
77880, 1.3686953266666666
77910, 1.3689974356666668
77940, 1.369299628
77970, 1.3696019023333332
78000, 1.3699042573333333
78030, 1.370206692
78060, 1.3705092046666667
78090, 1.3708117936666666
78120, 1.3711144583333335
78150, 1.3714171966666666
78180, 1.371720008
78210, 1.3720228903333334
78240, 1.3723258426666667
78270, 1.3726288636666666
78300, 1.372931952
78330, 1.373235106
78360, 1.3735383246666666
78390, 1.3738416066666668
78420, 1.3741449503333334
78450, 1.3744483543333335
78480, 1.374751818
78510, 1.3750553393333333
78540, 1.375358917
78570, 1.3756625500000002
78600, 1.3759662366666665
78630, 1.3762699760000001
78660, 1.3765737663333333
78690, 1.3768776063333334
78720, 1.377181495
78750, 1.3774854306666668
78780, 1.3777894123333334
78810, 1.3780934383333332
78840, 1.3783975073333332
78870, 1.3787016183333334
78900, 1.3790057696666667
78930, 1.37930996
78960, 1.3796141883333335
78990, 1.3799184530000002
79020, 1.3802227526666666
79050, 1.3805270863333332
79080, 1.3808314523333332
79110, 1.3811358496666666
79140, 1.3814402766666667
79170, 1.381744732
79200, 1.3820492146666665
79230, 1.382353723
79260, 1.3826582556666667
79290, 1.3829628116666668
79320, 1.3832673896666667
79350, 1.383571988
79380, 1.3838766056666667
79410, 1.384181241
79440, 1.384485893
79470, 1.3847905603333335
79500, 1.3850952413333333
79530, 1.385399935
79560, 1.38570464
79590, 1.386009355
79620, 1.3863140783333334
79650, 1.3866188093333331
79680, 1.3869235463333334
79710, 1.3872282876666666
79740, 1.3875330326666668
79770, 1.3878377796666668
79800, 1.3881425273333332
79830, 1.3884472743333334
79860, 1.3887520196666667
79890, 1.3890567616666667
79920, 1.3893614993333334
79950, 1.389666231
79980, 1.3899709556666666
80010, 1.3902756719999998
80040, 1.3905803783333333
80070, 1.390885074
80100, 1.3911897569999998
80130, 1.3914944266666667
80160, 1.391799081
80190, 1.3921037193333334
80220, 1.39240834
80250, 1.392712942
80280, 1.3930175236666666
80310, 1.393322084
80340, 1.3936266216666666
80370, 1.3939311349999999
80400, 1.3942356233333333
80430, 1.3945400846666667
80460, 1.3948445183333333
80490, 1.3951489226666667
80520, 1.3954532966666666
80550, 1.3957576386666666
80580, 1.3960619476666667
80610, 1.3963662223333333
80640, 1.396670461
80670, 1.396974663
80700, 1.3972788266666667
80730, 1.3975829510000002
80760, 1.3978870343333334
80790, 1.3981910756666667
80820, 1.3984950733333332
80850, 1.3987990266666666
80880, 1.399102934
80910, 1.3994067940000001
80940, 1.3997106053333335
80970, 1.400014367
81000, 1.4003180776666668
81030, 1.400621736
81060, 1.4009253406666669
81090, 1.4012288906666668
81120, 1.4015323843333334
81150, 1.4018358203333332
81180, 1.402139198
81210, 1.4024425153333333
81240, 1.4027457716666667
81270, 1.4030489653333333
81300, 1.4033520953333334
81330, 1.4036551603333334
81360, 1.403958159
81390, 1.4042610899999999
81420, 1.4045639520000002
81450, 1.404866744
81480, 1.405169465
81510, 1.405472113
81540, 1.405774687
81570, 1.406077186
81600, 1.4063796086666667
81630, 1.4066819536666668
81660, 1.4069842196666666
81690, 1.4072864056666667
81720, 1.40758851
81750, 1.4078905320000001
81780, 1.4081924696666666
81810, 1.4084943223333333
81840, 1.4087960886666666
81870, 1.4090977673333334
81900, 1.4093993569999999
81930, 1.4097008566666667
81960, 1.4100022646666668
81990, 1.4103035800000001
82020, 1.4106048016666668
82050, 1.410905928
82080, 1.4112069583333333
82110, 1.4115078906666665
82140, 1.4118087243333333
82170, 1.4121094576666666
82200, 1.41241009
82230, 1.4127106196666666
82260, 1.4130110453333333
82290, 1.4133113663333334
82320, 1.413611581
82350, 1.413911688
82380, 1.4142116863333334
82410, 1.414511575
82440, 1.414811352
82470, 1.415111017
82500, 1.4154105683333333
82530, 1.4157100046666666
82560, 1.4160093249999999
82590, 1.4163085283333332
82620, 1.416607613
82650, 1.4169065776666667
82680, 1.4172054216666667
82710, 1.4175041436666667
82740, 1.4178027420000001
82770, 1.418101216
82800, 1.418399564
82830, 1.418697785
82860, 1.418995878
82890, 1.4192938413333334
82920, 1.4195916743333332
82950, 1.4198893753333333
82980, 1.4201869433333332
83010, 1.4204843770000002
83040, 1.420781675
83070, 1.4210788366666667
83100, 1.4213758606666667
83130, 1.4216727453333333
83160, 1.4219694896666666
83190, 1.422266093
83220, 1.4225625533333333
83250, 1.42285887
83280, 1.4231550413333334
83310, 1.4234510666666667
83340, 1.4237469446666666
83370, 1.4240426739999998
83400, 1.4243382536666667
83430, 1.4246336823333334
83460, 1.4249289586666667
83490, 1.425224082
83520, 1.4255190503333333
83550, 1.4258138633333333
83580, 1.4261085193333332
83610, 1.4264030173333333
83640, 1.426697356
83670, 1.4269915343333333
83700, 1.427285551
83730, 1.4275794050000001
83760, 1.427873095
83790, 1.4281666199999998
83820, 1.4284599786666665
83850, 1.42875317
83880, 1.4290461926666667
83910, 1.4293390453333334
83940, 1.4296317273333332
83970, 1.429924237
84000, 1.4302165736666668
84030, 1.4305087356666668
84060, 1.4308007219999999
84090, 1.4310925319999999
84120, 1.4313841636666667
84150, 1.4316756163333333
84180, 1.4319668890000001
84210, 1.4322579803333333
84240, 1.432548889
84270, 1.432839614
84300, 1.4331301539999999
84330, 1.4334205083333333
84360, 1.4337106756666667
84390, 1.4340006543333335
84420, 1.434290444
84450, 1.434580043
84480, 1.43486945
84510, 1.4351586646666668
84540, 1.435447685
84570, 1.4357365103333333
84600, 1.4360251396666668
84630, 1.4363135713333335
84660, 1.4366018046666666
84690, 1.4368898383333335
84720, 1.4371776713333333
84750, 1.4374653023333333
84780, 1.4377527303333335
84810, 1.4380399543333333
84840, 1.438326973
84870, 1.4386137853333332
84900, 1.4389003900000001
84930, 1.439186786
84960, 1.4394729723333333
84990, 1.4397589480000001
85020, 1.4400447116666668
85050, 1.440330262
85080, 1.4406155983333335
85110, 1.440900719
85140, 1.4411856236666667
85170, 1.4414703106666666
85200, 1.441754779
85230, 1.4420390276666666
85260, 1.4423230553333333
85290, 1.442606861
85320, 1.4428904436666665
85350, 1.4431738023333334
85380, 1.4434569356666667
85410, 1.4437398426666668
85440, 1.444022522
85470, 1.4443049730000002
85500, 1.4445871943333333
85530, 1.4448691850000002
85560, 1.4451509436666667
85590, 1.4454324696666665
85620, 1.4457137613333333
85650, 1.4459948183333333
85680, 1.4462756386666666
85710, 1.4465562223333335
85740, 1.4468365673333332
85770, 1.447116673
85800, 1.447396538
85830, 1.4476761616666667
85860, 1.4479555426666666
85890, 1.4482346796666665
85920, 1.4485135723333333
85950, 1.4487922186666666
85980, 1.4490706183333335
86010, 1.44934877
86040, 1.4496266726666667
86070, 1.4499043249999999
86100, 1.4501817263333332
86130, 1.4504588753333332
86160, 1.450735771
86190, 1.4510124123333332
86220, 1.4512887983333334
86250, 1.4515649276666667
86280, 1.4518407996666667
86310, 1.452116413
86340, 1.4523917666666668
86370, 1.4526668596666668
86400, 1.4529416906666666
