# Name : TDRS13
# Contents : BW, DELAY
0, 1.492495606
30, 1.492595323
60, 1.4926945253333332
90, 1.4927932126666668
120, 1.4928913843333333
150, 1.4929890406666666
180, 1.493086181
210, 1.4931828053333334
240, 1.493278913
270, 1.493374504
300, 1.4934695776666667
330, 1.493564134
360, 1.4936581726666667
390, 1.4937516936666666
420, 1.493844696
450, 1.4939371803333332
480, 1.4940291453333332
510, 1.4941205916666667
540, 1.4942115183333333
570, 1.4943019256666668
600, 1.494391813
630, 1.4944811803333333
660, 1.494570027
690, 1.494658353
720, 1.494746158
750, 1.494833442
780, 1.4949202043333334
810, 1.495006445
840, 1.4950921636666665
870, 1.49517736
900, 1.4952620336666667
930, 1.4953461846666667
960, 1.4954298126666667
990, 1.4955129176666666
1020, 1.4955954986666666
1050, 1.4956775563333333
1080, 1.4957590896666666
1110, 1.495840099
1140, 1.4959205836666667
1170, 1.4960005436666668
1200, 1.4960799786666665
1230, 1.4961588883333332
1260, 1.4962372726666668
1290, 1.4963151313333334
1320, 1.4963924640000001
1350, 1.4964692706666667
1380, 1.496545551
1410, 1.4966213046666668
1440, 1.4966965316666667
1470, 1.4967712316666666
1500, 1.4968454043333332
1530, 1.4969190493333333
1560, 1.4969921670000002
1590, 1.4970647566666668
1620, 1.497136818
1650, 1.4972083513333334
1680, 1.4972793560000002
1710, 1.497349832
1740, 1.497419779
1770, 1.4974891966666668
1800, 1.4975580853333335
1830, 1.4976264443333331
1860, 1.4976942736666667
1890, 1.497761573
1920, 1.497828342
1950, 1.4978945810000002
1980, 1.4979602893333333
2010, 1.4980254670000002
2040, 1.4980901136666667
2070, 1.4981542293333334
2100, 1.498217814
2130, 1.498280867
2160, 1.4983433883333335
2190, 1.498405378
2220, 1.4984668356666668
2250, 1.498527761
2280, 1.4985881540000001
2310, 1.4986480146666668
2340, 1.4987073426666668
2370, 1.498766138
2400, 1.4988244
2430, 1.498882129
2460, 1.4989393246666667
2490, 1.498995987
2520, 1.4990521156666667
2550, 1.4991077103333335
2580, 1.4991627710000002
2610, 1.4992172976666667
2640, 1.4992712903333334
2670, 1.4993247483333334
2700, 1.4993776716666667
2730, 1.4994300603333333
2760, 1.4994819143333333
2790, 1.4995332333333333
2820, 1.499584017
2850, 1.4996342656666668
2880, 1.4996839786666667
2910, 1.4997331563333334
2940, 1.499781798
2970, 1.4998299043333332
3000, 1.4998774743333332
3030, 1.4999245083333332
3060, 1.4999710063333334
3090, 1.5000169676666666
3120, 1.5000623929999999
3150, 1.5001072813333334
3180, 1.5001516333333333
3210, 1.5001954483333333
3240, 1.5002387263333334
3270, 1.5002814676666667
3300, 1.5003236713333332
3330, 1.500365338
3360, 1.5004064673333333
3390, 1.5004470593333334
3420, 1.5004871136666666
3450, 1.50052663
3480, 1.500565609
3510, 1.5006040500000002
3540, 1.5006419526666668
3570, 1.5006793176666666
3600, 1.5007161443333334
3630, 1.5007524326666666
3660, 1.5007881826666667
3690, 1.5008233943333333
3720, 1.5008580673333334
3750, 1.500892202
3780, 1.5009257976666668
3810, 1.5009588546666666
3840, 1.5009913726666666
3870, 1.5010233519999998
3900, 1.501054792
3930, 1.5010856929999998
3960, 1.501116055
3990, 1.5011458776666666
4020, 1.5011751610000001
4050, 1.501203905
4080, 1.5012321093333334
4110, 1.5012597743333334
4140, 1.5012869
4170, 1.5013134856666668
4200, 1.5013395316666667
4230, 1.5013650383333335
4260, 1.5013900046666666
4290, 1.5014144313333333
4320, 1.5014383183333333
4350, 1.501461665
4380, 1.501484472
4410, 1.5015067386666665
4440, 1.5015284653333334
4470, 1.501549652
4500, 1.5015702983333334
4530, 1.5015904046666666
4560, 1.5016099703333332
4590, 1.501628996
4620, 1.5016474813333334
4650, 1.5016654263333333
4680, 1.5016828306666667
4710, 1.5016996950000001
4740, 1.5017160186666667
4770, 1.5017318020000001
4800, 1.5017470446666665
4830, 1.5017617466666666
4860, 1.5017759083333333
4890, 1.5017895296666666
4920, 1.5018026103333333
4950, 1.5018151499999999
4980, 1.5018271496666666
5010, 1.5018386083333335
5040, 1.5018495266666667
5070, 1.501859904
5100, 1.501869741
5130, 1.5018790373333335
5160, 1.5018877929999999
5190, 1.501896008
5220, 1.5019036826666665
5250, 1.5019108163333332
5280, 1.5019174096666665
5310, 1.5019234623333333
5340, 1.5019289743333333
5370, 1.5019339456666667
5400, 1.5019383763333332
5430, 1.5019422666666666
5460, 1.5019456163333333
5490, 1.5019484256666666
5520, 1.5019506943333334
5550, 1.5019524226666667
5580, 1.5019536103333333
5610, 1.5019542576666667
5640, 1.5019543646666667
5670, 1.501953931
5700, 1.5019529573333332
5730, 1.5019514433333334
5760, 1.5019493886666668
5790, 1.501946794
5820, 1.5019436593333333
5850, 1.5019399843333334
5880, 1.5019357690000001
5910, 1.5019310136666666
5940, 1.5019257186666666
5970, 1.5019198833333334
6000, 1.501913508
6030, 1.501906593
6060, 1.501899138
6090, 1.5018911433333333
6120, 1.5018826086666666
6150, 1.5018735346666667
6180, 1.501863921
6210, 1.5018537676666668
6240, 1.501843075
6270, 1.5018318426666666
6300, 1.501820071
6330, 1.5018077603333333
6360, 1.5017949103333332
6390, 1.501781521
6420, 1.5017675926666667
6450, 1.5017531253333334
6480, 1.5017381193333332
6510, 1.5017225743333333
6540, 1.5017064903333333
6570, 1.501689868
6600, 1.501672707
6630, 1.5016550073333332
6660, 1.5016367693333335
6690, 1.501617993
6720, 1.5015986783333335
6750, 1.5015788256666667
6780, 1.501558435
6810, 1.5015375063333332
6840, 1.5015160396666665
6870, 1.5014940356666666
6900, 1.5014714936666667
6930, 1.501448414
6960, 1.5014247973333334
6990, 1.501400643
7020, 1.5013759516666667
7050, 1.501350723
7080, 1.5013249573333332
7110, 1.501298655
7140, 1.5012718156666667
7170, 1.50124444
7200, 1.5012165276666667
7230, 1.5011880789999998
7260, 1.5011590936666668
7290, 1.5011295726666667
7320, 1.5010995153333333
7350, 1.5010689223333333
7380, 1.5010377936666666
7410, 1.501006129
7440, 1.500973929
7470, 1.5009411936666668
7500, 1.5009079233333333
7530, 1.5008741176666667
7560, 1.5008397770000002
7590, 1.5008049016666667
7620, 1.5007694916666665
7650, 1.5007335473333334
7680, 1.5006970683333334
7710, 1.5006600553333334
7740, 1.5006225083333333
7770, 1.5005844273333333
7800, 1.5005458126666666
7830, 1.5005066643333334
7860, 1.5004669826666668
7890, 1.5004267676666667
7920, 1.5003860196666665
7950, 1.5003447386666666
7980, 1.500302925
8010, 1.5002605786666665
8040, 1.5002177
8070, 1.500174289
8100, 1.500130346
8130, 1.500085871
8160, 1.5000408646666665
8190, 1.4999953263333332
8220, 1.499949257
8250, 1.4999026563333333
8280, 1.4998555246666667
8310, 1.499807862
8340, 1.499759669
8370, 1.4997109456666669
8400, 1.4996616916666667
8430, 1.499611908
8460, 1.4995615946666667
8490, 1.4995107513333332
8520, 1.4994593786666666
8550, 1.4994074766666667
8580, 1.499355046
8610, 1.499302086
8640, 1.4992485976666665
8670, 1.499194581
8700, 1.499140036
8730, 1.499084963
8760, 1.4990293623333333
8790, 1.498973234
8820, 1.4989165786666667
8850, 1.4988593956666667
8880, 1.498801686
8910, 1.4987434499999999
8940, 1.4986846870000001
8970, 1.4986253980000002
9000, 1.498565583
9030, 1.4985052423333334
9060, 1.4984443760000001
9090, 1.4983829846666665
9120, 1.498321068
9150, 1.4982586263333333
9180, 1.4981956603333333
9210, 1.49813217
9240, 1.4980681553333335
9270, 1.4980036170000002
9300, 1.497938555
9330, 1.4978729696666666
9360, 1.4978068613333333
9390, 1.49774023
9420, 1.497673076
9450, 1.4976054
9480, 1.4975372016666666
9510, 1.4974684813333334
9540, 1.4973992396666667
9570, 1.4973294766666667
9600, 1.4972591923333334
9630, 1.4971883876666667
9660, 1.497117062
9690, 1.4970452163333334
9720, 1.496972851
9750, 1.4968999656666666
9780, 1.4968265606666666
9810, 1.496752637
9840, 1.4966781943333334
9870, 1.496603233
9900, 1.4965277533333334
9930, 1.4964517556666665
9960, 1.4963752403333332
9990, 1.4962982073333333
10020, 1.4962206573333334
10050, 1.4961425906666668
10080, 1.4960640073333333
10110, 1.4959849076666667
10140, 1.495905292
10170, 1.4958251606666668
10200, 1.495744514
10230, 1.495663352
10260, 1.4955816756666667
10290, 1.4954994846666667
10320, 1.4954167793333333
10350, 1.4953335603333333
10380, 1.495249828
10410, 1.495165582
10440, 1.4950808233333333
10470, 1.4949955523333334
10500, 1.4949097686666668
10530, 1.4948234733333334
10560, 1.4947366659999999
10590, 1.4946493476666667
10620, 1.4945615183333332
10650, 1.4944731783333334
10680, 1.4943843280000002
10710, 1.4942949676666666
10740, 1.4942050976666668
10770, 1.4941147183333334
10800, 1.49402383
10830, 1.493932433
10860, 1.4938405276666666
10890, 1.4937481143333333
10920, 1.4936551936666667
10950, 1.4935617653333333
10980, 1.4934678303333333
11010, 1.4933733886666665
11040, 1.4932784410000002
11070, 1.4931829873333333
11100, 1.4930870280000001
11130, 1.4929905636666667
11160, 1.4928935943333332
11190, 1.4927961206666667
11220, 1.4926981430000001
11250, 1.4925996613333334
11280, 1.4925006766666666
11310, 1.4924011886666666
11340, 1.4923011983333334
11370, 1.4922007056666666
11400, 1.492099711
11430, 1.491998215
11460, 1.4918962176666666
11490, 1.49179372
11520, 1.4916907216666666
11550, 1.4915872233333334
11580, 1.4914832253333332
11610, 1.4913787283333333
11640, 1.4912737323333334
11670, 1.491168238
11700, 1.4910622456666667
11730, 1.4909557556666666
11760, 1.4908487683333334
11790, 1.490741284
11820, 1.4906333033333332
11850, 1.4905248266666666
11880, 1.4904158543333335
11910, 1.4903063866666668
11940, 1.4901964239999999
11970, 1.490085967
12000, 1.489975016
12030, 1.4898635713333335
12060, 1.4897516333333334
12090, 1.4896392026666667
12120, 1.4895262796666666
12150, 1.4894128646666667
12180, 1.489298958
12210, 1.4891845603333334
12240, 1.4890696719999998
12270, 1.488954293
12300, 1.4888384246666668
12330, 1.4887220666666667
12360, 1.4886052193333332
12390, 1.488487884
12420, 1.4883700603333332
12450, 1.4882517486666667
12480, 1.48813295
12510, 1.4880136646666666
12540, 1.4878938926666667
12570, 1.487773635
12600, 1.4876528916666667
12630, 1.487531663
12660, 1.4874099503333333
12690, 1.487287753
12720, 1.4871650723333332
12750, 1.4870419083333333
12780, 1.4869182613333334
12810, 1.4867941323333334
12840, 1.486669521
12870, 1.4865444286666667
12900, 1.4864188553333333
12930, 1.4862928013333332
12960, 1.4861662673333333
12990, 1.486039254
13020, 1.4859117613333335
13050, 1.4857837903333333
13080, 1.4856553410000002
13110, 1.485526414
13140, 1.48539701
13170, 1.4852671290000001
13200, 1.485136772
13230, 1.4850059393333332
13260, 1.4848746309999998
13290, 1.4847428483333334
13320, 1.484610591
13350, 1.4844778603333333
13380, 1.484344656
13410, 1.484210979
13440, 1.4840768296666667
13470, 1.4839422083333333
13500, 1.483807116
13530, 1.4836715526666666
13560, 1.483535519
13590, 1.4833990156666668
13620, 1.4832620426666667
13650, 1.4831246013333335
13680, 1.4829866913333334
13710, 1.4828483136666668
13740, 1.4827094686666666
13770, 1.482570157
13800, 1.4824303793333333
13830, 1.4822901356666667
13860, 1.4821494266666666
13890, 1.4820082533333334
13920, 1.4818666156666667
13950, 1.4817245143333333
13980, 1.48158195
14010, 1.481438923
14040, 1.481295434
14070, 1.4811514833333335
14100, 1.4810070720000001
14130, 1.4808622
14160, 1.480716868
14190, 1.480571077
14220, 1.480424827
14250, 1.4802781186666667
14280, 1.4801309523333332
14310, 1.4799833293333333
14340, 1.4798352493333333
14370, 1.4796867133333333
14400, 1.479537722
14430, 1.4793882753333334
14460, 1.4792383743333333
14490, 1.4790880196666667
14520, 1.4789372116666668
14550, 1.4787859506666665
14580, 1.4786342376666668
14610, 1.4784820730000001
14640, 1.4783294573333334
14670, 1.4781763909999999
14700, 1.478022875
14730, 1.4778689093333333
14760, 1.4777144953333334
14790, 1.4775596326666667
14820, 1.4774043226666667
14850, 1.4772485656666667
14880, 1.477092362
14910, 1.4769357126666667
14940, 1.4767786176666666
14970, 1.4766210783333333
15000, 1.4764630946666666
15030, 1.4763046676666667
15060, 1.4761457976666668
15090, 1.4759864853333333
15120, 1.475826731
15150, 1.4756665356666667
15180, 1.4755058996666668
15210, 1.475344824
15240, 1.4751833086666666
15270, 1.475021355
15300, 1.4748589626666666
15330, 1.4746961330000001
15360, 1.4745328666666666
15390, 1.4743691636666667
15420, 1.474205025
15450, 1.4740404513333334
15480, 1.4738754433333332
15510, 1.4737100013333333
15540, 1.473544126
15570, 1.473377818
15600, 1.4732110783333334
15630, 1.473043907
15660, 1.472876305
15690, 1.472708273
15720, 1.4725398113333332
15750, 1.472370921
15780, 1.4722016023333333
15810, 1.472031856
15840, 1.4718616826666666
15870, 1.4716910833333334
15900, 1.471520058
15930, 1.471348608
15960, 1.4711767333333334
15990, 1.471004435
16020, 1.4708317136666667
16050, 1.4706585699999999
16080, 1.4704850043333333
16110, 1.4703110176666667
16140, 1.4701366103333333
16170, 1.4699617833333332
16200, 1.469786537
16230, 1.4696108723333332
16260, 1.46943479
16290, 1.4692582903333333
16320, 1.4690813740000002
16350, 1.4689040420000001
16380, 1.4687262946666666
16410, 1.468548133
16440, 1.4683695573333333
16470, 1.4681905686666668
16500, 1.4680111676666667
16530, 1.4678313546666666
16560, 1.4676511303333333
16590, 1.467470496
16620, 1.4672894516666666
16650, 1.4671079983333333
16680, 1.4669261363333335
16710, 1.466743867
16740, 1.4665611906666667
16770, 1.4663781076666667
16800, 1.4661946193333333
16830, 1.466010726
16860, 1.4658264286666667
16890, 1.4656417273333333
16920, 1.4654566236666668
16950, 1.4652711176666666
16980, 1.46508521
17010, 1.464898902
17040, 1.4647121936666667
17070, 1.4645250863333334
17100, 1.4643375803333332
17130, 1.4641496763333333
17160, 1.463961375
17190, 1.4637726776666669
17220, 1.4635835843333334
17250, 1.463394096
17280, 1.4632042133333334
17310, 1.4630139373333333
17340, 1.4628232683333333
17370, 1.4626322073333333
17400, 1.462440755
17430, 1.4622489116666666
17460, 1.4620566786666667
17490, 1.4618640566666667
17520, 1.461671046
17550, 1.4614776476666667
17580, 1.4612838623333335
17610, 1.4610896906666668
17640, 1.4608951336666667
17670, 1.460700192
17700, 1.460504866
17730, 1.460309157
17760, 1.4601130653333334
17790, 1.4599165923333333
17820, 1.459719738
17850, 1.4595225033333332
17880, 1.4593248893333333
17910, 1.4591268966666666
17940, 1.458928526
17970, 1.458729778
18000, 1.4585306536666667
18030, 1.4583311536666668
18060, 1.4581312786666667
18090, 1.4579310293333334
18120, 1.457730407
18150, 1.457529412
18180, 1.4573280450000001
18210, 1.457126307
18240, 1.4569241986666666
18270, 1.456721721
18300, 1.4565188746666666
18330, 1.4563156603333334
18360, 1.4561120786666666
18390, 1.4559081306666668
18420, 1.4557038173333334
18450, 1.455499139
18480, 1.4552940966666665
18510, 1.4550886913333332
18540, 1.4548829233333334
18570, 1.454676794
18600, 1.4544703036666666
18630, 1.4542634533333334
18660, 1.4540562436666669
18690, 1.4538486756666666
18720, 1.45364075
18750, 1.4534324676666668
18780, 1.4532238293333335
18810, 1.4530148356666666
18840, 1.4528054876666667
18870, 1.4525957863333334
18900, 1.452385732
18930, 1.4521753259999999
18960, 1.4519645686666667
18990, 1.451753461
19020, 1.451542004
19050, 1.4513301983333333
19080, 1.4511180446666667
19110, 1.450905544
19140, 1.4506926973333334
19170, 1.4504795053333333
19200, 1.4502659686666668
19230, 1.4500520886666668
19260, 1.4498378656666666
19290, 1.4496233003333334
19320, 1.4494083943333333
19350, 1.4491931476666666
19380, 1.4489775616666667
19410, 1.448761637
19440, 1.4485453743333332
19470, 1.448328775
19500, 1.4481118396666668
19530, 1.4478945686666667
19560, 1.4476769636666666
19590, 1.4474590250000001
19620, 1.4472407533333334
19650, 1.4470221503333334
19680, 1.446803216
19710, 1.4465839516666668
19740, 1.446364358
19770, 1.4461444363333333
19800, 1.4459241866666666
19830, 1.4457036106666667
19860, 1.4454827086666666
19890, 1.445261482
19920, 1.445039931
19950, 1.444818057
19980, 1.4445958606666667
20010, 1.4443733426666667
20040, 1.4441505043333334
20070, 1.4439273466666667
20100, 1.4437038696666666
20130, 1.443480075
20160, 1.4432559636666666
20190, 1.4430315356666668
20220, 1.4428067926666666
20250, 1.4425817353333332
20280, 1.4423563646666666
20310, 1.4421306813333332
20340, 1.4419046863333334
20370, 1.4416783803333333
20400, 1.4414517646666667
20430, 1.44122484
20460, 1.4409976073333335
20490, 1.4407700676666666
20520, 1.4405422213333332
20550, 1.4403140700000001
20580, 1.440085614
20610, 1.4398568546666666
20640, 1.4396277926666665
20670, 1.4393984286666668
20700, 1.4391687643333333
20730, 1.4389387996666667
20760, 1.4387085363333332
20790, 1.438477975
20820, 1.4382471163333332
20850, 1.4380159616666668
20880, 1.4377845116666668
20910, 1.4375527673333335
20940, 1.4373207293333332
20970, 1.437088399
21000, 1.4368557773333335
21030, 1.4366228646666668
21060, 1.4363896626666668
21090, 1.4361561716666666
21120, 1.435922393
21150, 1.4356883273333332
21180, 1.435453976
21210, 1.4352193393333335
21240, 1.4349844186666667
21270, 1.434749215
21300, 1.4345137293333334
21330, 1.4342779620000001
21360, 1.4340419146666665
21390, 1.4338055883333334
21420, 1.4335689833333334
21450, 1.433332101
21480, 1.4330949419999999
21510, 1.4328575076666668
21540, 1.432619799
21570, 1.4323818166666666
21600, 1.4321435616666667
21630, 1.431905035
21660, 1.4316662376666667
21690, 1.4314271706666668
21720, 1.431187835
21750, 1.4309482313333333
21780, 1.4307083613333333
21810, 1.430468225
21840, 1.4302278243333335
21870, 1.4299871593333333
21900, 1.4297462316666665
21930, 1.4295050423333333
21960, 1.4292635916666667
21990, 1.4290218813333333
22020, 1.428779912
22050, 1.4285376846666666
22080, 1.4282952003333333
22110, 1.4280524603333333
22140, 1.427809465
22170, 1.4275662156666666
22200, 1.4273227133333333
22230, 1.427078959
22260, 1.4268349536666667
22290, 1.4265906986666668
22320, 1.4263461943333333
22350, 1.426101442
22380, 1.4258564426666667
22410, 1.4256111973333334
22440, 1.425365707
22470, 1.4251199726666668
22500, 1.4248739953333334
22530, 1.424627776
22560, 1.424381316
22590, 1.4241346156666665
22620, 1.4238876766666668
22650, 1.4236404996666667
22680, 1.4233930860000001
22710, 1.4231454363333333
22740, 1.4228975516666666
22770, 1.4226494333333335
22800, 1.4224010823333333
22830, 1.4221524993333332
22860, 1.4219036856666667
22890, 1.4216546423333334
22920, 1.4214053703333334
22950, 1.4211558706666667
22980, 1.4209061443333333
23010, 1.4206561926666668
23040, 1.420406016
23070, 1.4201556163333333
23100, 1.419904994
23130, 1.4196541503333333
23160, 1.419403086
23190, 1.4191518026666667
23220, 1.4189003009999999
23250, 1.4186485819999999
23280, 1.418396647
23310, 1.4181444966666665
23340, 1.4178921323333333
23370, 1.417639555
23400, 1.4173867656666668
23430, 1.4171337653333334
23460, 1.4168805553333332
23490, 1.4166271363333334
23520, 1.4163735096666668
23550, 1.4161196763333332
23580, 1.4158656373333334
23610, 1.4156113940000001
23640, 1.415356947
23670, 1.4151022976666667
23700, 1.414847447
23730, 1.414592396
23760, 1.414337146
23790, 1.4140816976666666
23820, 1.4138260523333332
23850, 1.413570211
23880, 1.413314175
23910, 1.413057945
23940, 1.4128015223333332
23970, 1.412544908
24000, 1.4122881029999999
24030, 1.4120311086666668
24060, 1.4117739256666666
24090, 1.4115165556666667
24120, 1.4112589993333333
24150, 1.411001258
24180, 1.4107433326666667
24210, 1.4104852243333332
24240, 1.410226934
24270, 1.409968463
24300, 1.4097098126666667
24330, 1.4094509833333333
24360, 1.409191977
24390, 1.408932794
24420, 1.4086734356666666
24450, 1.4084139036666665
24480, 1.4081541983333332
24510, 1.407894321
24540, 1.407634273
24570, 1.4073740553333334
24600, 1.4071136690000001
24630, 1.4068531153333332
24660, 1.4065923953333335
24690, 1.40633151
24720, 1.4060704603333334
24750, 1.405809248
24780, 1.4055478736666667
24810, 1.4052863383333332
24840, 1.4050246436666667
24870, 1.4047627903333333
24900, 1.40450078
24930, 1.4042386130000002
24960, 1.403976291
24990, 1.403713815
25020, 1.403451186
25050, 1.4031884053333332
25080, 1.4029254743333333
25110, 1.4026623936666667
25140, 1.4023991643333333
25170, 1.4021357883333334
25200, 1.401872266
25230, 1.4016085986666666
25260, 1.401344788
25290, 1.4010808343333334
25320, 1.4008167393333333
25350, 1.400552504
25380, 1.4002881293333334
25410, 1.4000236166666666
25440, 1.3997589670000001
25470, 1.3994941816666666
25500, 1.399229262
25530, 1.3989642086666667
25560, 1.398699023
25590, 1.3984337063333334
25620, 1.3981682596666667
25650, 1.3979026843333333
25680, 1.397636981
25710, 1.3973711513333333
25740, 1.3971051966666668
25770, 1.3968391173333332
25800, 1.3965729153333333
25830, 1.3963065913333332
25860, 1.3960401466666665
25890, 1.3957735826666666
25920, 1.3955069003333334
25950, 1.3952401006666666
25980, 1.394973185
26010, 1.3947061546666666
26040, 1.3944390106666666
26070, 1.3941717543333334
26100, 1.3939043863333334
26130, 1.3936369086666667
26160, 1.393369322
26190, 1.3931016273333334
26220, 1.3928338263333333
26250, 1.3925659196666667
26280, 1.3922979093333334
26310, 1.3920297956666667
26340, 1.39176158
26370, 1.391493264
26400, 1.3912248483333334
26430, 1.3909563346666667
26460, 1.3906877236666666
26490, 1.3904190170000001
26520, 1.3901502156666665
26550, 1.389881321
26580, 1.3896123336666668
26610, 1.3893432553333334
26640, 1.3890740873333332
26670, 1.3888048306666665
26700, 1.3885354863333332
26730, 1.3882660556666668
26760, 1.38799654
26790, 1.3877269406666666
26820, 1.3874572583333333
26850, 1.3871874946666667
26880, 1.386917651
26910, 1.386647728
26940, 1.386377727
26970, 1.3861076496666667
27000, 1.385837497
27030, 1.38556727
27060, 1.38529697
27090, 1.3850265983333334
27120, 1.384756156
27150, 1.3844856443333333
27180, 1.3842150646666667
27210, 1.383944418
27240, 1.3836737056666666
27270, 1.383402929
27300, 1.383132089
27330, 1.3828611869999998
27360, 1.3825902239999999
27390, 1.3823192016666666
27420, 1.382048121
27450, 1.3817769833333333
27480, 1.3815057896666667
27510, 1.3812345416666667
27540, 1.38096324
27570, 1.3806918863333333
27600, 1.3804204813333334
27630, 1.3801490269999999
27660, 1.379877524
27690, 1.3796059740000002
27720, 1.379334378
27750, 1.379062737
27780, 1.3787910526666667
27810, 1.378519326
27840, 1.3782475583333333
27870, 1.377975751
27900, 1.377703905
27930, 1.3774320216666667
27960, 1.3771601023333333
27990, 1.3768881483333333
28020, 1.3766161603333333
28050, 1.3763441403333332
28080, 1.3760720893333334
28110, 1.3758000086666666
28140, 1.3755278993333333
28170, 1.3752557623333332
28200, 1.3749835996666666
28230, 1.374711412
28260, 1.3744392010000002
28290, 1.3741669676666666
28320, 1.3738947133333332
28350, 1.373622439
28380, 1.3733501466666667
28410, 1.3730778366666667
28440, 1.3728055106666666
28470, 1.37253317
28500, 1.372260816
28530, 1.3719884496666668
28560, 1.3717160726666666
28590, 1.3714436856666667
28620, 1.3711712903333333
28650, 1.370898888
28680, 1.37062648
28710, 1.3703540669999998
28740, 1.370081651
28770, 1.3698092326666667
28800, 1.3695368136666666
28830, 1.369264395
28860, 1.3689919783333333
28890, 1.3687195646666668
28920, 1.3684471553333333
28950, 1.3681747513333333
28980, 1.3679023546666667
29010, 1.3676299656666666
29040, 1.3673575863333334
29070, 1.3670852176666668
29100, 1.366812861
29130, 1.3665405176666665
29160, 1.3662681886666665
29190, 1.3659958756666668
29220, 1.3657235796666667
29250, 1.3654513023333332
29280, 1.3651790443333334
29310, 1.3649068073333335
29340, 1.3646345926666668
29370, 1.3643624016666667
29400, 1.3640902353333333
29430, 1.3638180953333332
29460, 1.3635459823333334
29490, 1.3632738983333335
29520, 1.3630018443333334
29550, 1.3627298213333334
29580, 1.362457831
29610, 1.3621858746666666
29640, 1.3619139533333333
29670, 1.3616420686666668
29700, 1.3613702216666668
29730, 1.3610984136666666
29760, 1.3608266456666667
29790, 1.3605549196666666
29820, 1.3602832366666668
29850, 1.3600115976666667
29880, 1.3597400043333334
29910, 1.3594684576666667
29940, 1.3591969593333333
29970, 1.3589255103333333
30000, 1.358654112
30030, 1.3583827656666667
30060, 1.358111473
30090, 1.3578402346666667
30120, 1.3575690523333332
30150, 1.3572979273333332
30180, 1.3570268606666667
30210, 1.356755854
30240, 1.3564849083333332
30270, 1.3562140253333335
30300, 1.3559432063333332
30330, 1.355672452
30360, 1.3554017643333334
30390, 1.3551311443333334
30420, 1.354860593
30450, 1.3545901123333335
30480, 1.3543197033333334
30510, 1.3540493673333334
30540, 1.3537791053333332
30570, 1.353508919
30600, 1.3532388096666665
30630, 1.3529687783333333
30660, 1.3526988266666666
30690, 1.352428956
30720, 1.3521591673333333
30750, 1.3518894620000002
30780, 1.3516198416666667
30810, 1.3513503073333333
30840, 1.3510808603333333
30870, 1.350811502
30900, 1.350542234
30930, 1.350273057
30960, 1.350003973
30990, 1.349734983
31020, 1.349466088
31050, 1.34919729
31080, 1.3489285899999999
31110, 1.3486599890000002
31140, 1.348391489
31170, 1.3481230906666666
31200, 1.3478547956666667
31230, 1.347586605
31260, 1.3473185206666667
31290, 1.3470505433333333
31320, 1.3467826743333333
31350, 1.3465149156666667
31380, 1.346247268
31410, 1.3459797326666665
31440, 1.3457123113333334
31470, 1.3454450053333333
31500, 1.3451778156666667
31530, 1.344910744
31560, 1.3446437913333333
31590, 1.3443769593333332
31620, 1.344110249
31650, 1.3438436616666667
31680, 1.343577199
31710, 1.3433108623333334
31740, 1.3430446526666666
31770, 1.3427785713333333
31800, 1.3425126196666668
31830, 1.3422467993333334
31860, 1.3419811113333333
31890, 1.3417155573333335
31920, 1.3414501383333333
31950, 1.3411848556666666
31980, 1.340919711
32010, 1.340654705
32040, 1.34038984
32070, 1.3401251163333334
32100, 1.339860536
32130, 1.3395961
32160, 1.3393318096666667
32190, 1.3390676666666665
32220, 1.338803672
32250, 1.338539827
32280, 1.3382761330000001
32310, 1.3380125916666668
32340, 1.337749204
32370, 1.3374859716666667
32400, 1.3372228953333334
32430, 1.336959977
32460, 1.3366972176666667
32490, 1.336434619
32520, 1.3361721816666667
32550, 1.335909908
32580, 1.3356477983333332
32610, 1.3353858546666668
32640, 1.335124078
32670, 1.3348624696666667
32700, 1.334601031
32730, 1.3343397636666667
32760, 1.334078669
32790, 1.3338177476666666
32820, 1.3335570016666667
32850, 1.3332964319999998
32880, 1.3330360403333332
32910, 1.3327758276666666
32940, 1.3325157953333333
32970, 1.3322559446666666
33000, 1.3319962773333334
33030, 1.3317367946666667
33060, 1.3314774973333334
33090, 1.3312183873333334
33120, 1.3309594660000001
33150, 1.3307007339999999
33180, 1.3304421936666666
33210, 1.3301838453333334
33240, 1.3299256910000001
33270, 1.3296677316666665
33300, 1.329409969
33330, 1.329152404
33360, 1.3288950383333333
33390, 1.3286378730000001
33420, 1.3283809093333332
33450, 1.328124149
33480, 1.327867593
33510, 1.3276112426666666
33540, 1.3273550996666668
33570, 1.3270991653333333
33600, 1.3268434403333333
33630, 1.3265879269999998
33660, 1.3263326256666665
33690, 1.3260775383333334
33720, 1.3258226663333332
33750, 1.3255680103333334
33780, 1.3253135726666665
33810, 1.3250593536666666
33840, 1.3248053553333334
33870, 1.3245515786666668
33900, 1.3242980253333332
33930, 1.3240446963333332
33960, 1.323791593
33990, 1.323538717
34020, 1.3232860693333333
34050, 1.3230336516666668
34080, 1.3227814646666667
34110, 1.3225295103333334
34140, 1.32227779
34170, 1.3220263043333333
34200, 1.3217750553333332
34230, 1.321524044
34260, 1.3212732716666666
34290, 1.3210227399999999
34320, 1.32077245
34350, 1.3205224026666667
34380, 1.3202726
34410, 1.3200230433333333
34440, 1.3197737333333333
34470, 1.3195246716666666
34500, 1.3192758596666667
34530, 1.319027299
34560, 1.3187789903333333
34590, 1.3185309353333334
34620, 1.3182831353333333
34650, 1.318035592
34680, 1.3177883056666666
34710, 1.3175412786666667
34740, 1.317294512
34770, 1.3170480066666668
34800, 1.3168017643333334
34830, 1.3165557863333335
34860, 1.3163100736666666
34890, 1.316064628
34920, 1.3158194503333334
34950, 1.3155745423333334
34980, 1.3153299053333334
35010, 1.31508554
35040, 1.3148414486666666
35070, 1.3145976316666668
35100, 1.3143540906666666
35130, 1.3141108273333333
35160, 1.3138678426666666
35190, 1.313625138
35220, 1.3133827146666666
35250, 1.313140574
35280, 1.312898717
35310, 1.3126571456666667
35340, 1.3124158606666667
35370, 1.3121748636666666
35400, 1.3119341556666668
35430, 1.3116937383333334
35460, 1.3114536126666667
35490, 1.3112137803333335
35520, 1.3109742420000001
35550, 1.3107349996666666
35580, 1.3104960543333333
35610, 1.3102574073333333
35640, 1.31001906
35670, 1.3097810136666668
35700, 1.3095432693333333
35730, 1.3093058286666666
35760, 1.309068693
35790, 1.3088318633333333
35820, 1.3085953410000002
35850, 1.3083591276666668
35880, 1.308123224
35910, 1.3078876320000001
35940, 1.3076523523333332
35970, 1.3074173866666667
36000, 1.3071827363333333
36030, 1.3069484023333333
36060, 1.306714386
36090, 1.306480689
36120, 1.3062473123333334
36150, 1.3060142573333333
36180, 1.305781525
36210, 1.3055491173333333
36240, 1.305317035
36270, 1.3050852793333334
36300, 1.304853852
36330, 1.3046227536666666
36360, 1.3043919863333333
36390, 1.304161551
36420, 1.3039314486666667
36450, 1.3037016806666668
36480, 1.3034722486666668
36510, 1.303243154
36540, 1.3030143973333335
36570, 1.3027859803333333
36600, 1.302557904
36630, 1.3023301699999998
36660, 1.3021027796666667
36690, 1.3018757336666666
36720, 1.301649034
36750, 1.3014226813333334
36780, 1.3011966769999999
36810, 1.3009710226666666
36840, 1.3007457193333334
36870, 1.3005207683333333
36900, 1.3002961709999998
36930, 1.3000719283333333
36960, 1.2998480416666667
36990, 1.2996245126666666
37020, 1.299401342
37050, 1.2991785313333335
37080, 1.2989560816666665
37110, 1.2987339946666667
37140, 1.2985122709999999
37170, 1.2982909123333335
37200, 1.2980699196666667
37230, 1.2978492946666667
37260, 1.297629038
37290, 1.2974091516666668
37320, 1.297189636
37350, 1.296970493
37380, 1.2967517236666666
37410, 1.296533329
37440, 1.2963153106666667
37470, 1.2960976693333335
37500, 1.2958804069999998
37530, 1.2956635243333332
37560, 1.2954470226666668
37590, 1.2952309033333333
37620, 1.2950151676666666
37650, 1.2947998166666668
37680, 1.2945848516666667
37710, 1.2943702736666667
37740, 1.2941560846666667
37770, 1.293942285
37800, 1.2937288763333332
37830, 1.2935158596666667
37860, 1.2933032363333334
37890, 1.2930910076666666
37920, 1.292879175
37950, 1.2926677393333332
37980, 1.2924567016666666
38010, 1.2922460636666668
38040, 1.292035826
38070, 1.2918259906666665
38100, 1.291616558
38130, 1.29140753
38160, 1.2911989073333332
38190, 1.2909906913333333
38220, 1.2907828833333332
38250, 1.2905754843333332
38280, 1.2903684956666666
38310, 1.2901619186666666
38340, 1.2899557543333333
38370, 1.289750004
38400, 1.2895446686666667
38430, 1.2893397496666665
38460, 1.2891352483333334
38490, 1.2889311656666667
38520, 1.2887275026666667
38550, 1.288524261
38580, 1.2883214413333333
38610, 1.2881190453333333
38640, 1.2879170736666665
38670, 1.287715528
38700, 1.2875144093333335
38730, 1.2873137186666668
38760, 1.2871134576666667
38790, 1.2869136266666665
38820, 1.2867142276666665
38850, 1.2865152616666666
38880, 1.2863167293333333
38910, 1.2861186323333333
38940, 1.285920972
38970, 1.2857237486666666
39000, 1.2855269643333334
39030, 1.2853306196666665
39060, 1.2851347160000002
39090, 1.2849392546666665
39120, 1.2847442366666666
39150, 1.284549663
39180, 1.2843555346666666
39210, 1.2841618533333332
39240, 1.28396862
39270, 1.2837758356666666
39300, 1.2835835013333334
39330, 1.2833916186666667
39360, 1.283200188
39390, 1.2830092113333333
39420, 1.2828186893333333
39450, 1.282628623
39480, 1.282439014
39510, 1.282249863
39540, 1.2820611709999998
39570, 1.2818729396666666
39600, 1.2816851699999998
39630, 1.2814978626666667
39660, 1.281311019
39690, 1.2811246403333334
39720, 1.2809387276666666
39750, 1.2807532823333332
39780, 1.280568305
39810, 1.2803837969999998
39840, 1.2801997593333334
39870, 1.280016193
39900, 1.2798330996666667
39930, 1.27965048
39960, 1.279468335
39990, 1.279286666
40020, 1.279105474
40050, 1.2789247603333334
40080, 1.2787445256666667
40110, 1.2785647713333332
40140, 1.2783854983333334
40170, 1.278206708
40200, 1.2780284009999998
40230, 1.2778505786666665
40260, 1.2776732419999999
40290, 1.277496392
40320, 1.27732003
40350, 1.2771441566666666
40380, 1.2769687736666666
40410, 1.2767938816666666
40440, 1.2766194816666667
40470, 1.2764455746666665
40500, 1.2762721620000002
40530, 1.2760992446666666
40560, 1.275926824
40590, 1.2757549003333333
40620, 1.275583475
40650, 1.2754125493333333
40680, 1.2752421243333334
40710, 1.2750722006666666
40740, 1.27490278
40770, 1.2747338626666667
40800, 1.27456545
40830, 1.2743975433333332
40860, 1.274230143
40890, 1.2740632506666667
40920, 1.2738968673333333
40950, 1.2737309936666668
40980, 1.2735656306666667
41010, 1.2734007796666666
41040, 1.2732364416666666
41070, 1.2730726173333333
41100, 1.272909308
41130, 1.2727465146666666
41160, 1.2725842383333332
41190, 1.2724224796666668
41220, 1.27226124
41250, 1.2721005203333333
41280, 1.2719403216666667
41310, 1.2717806446666666
41340, 1.2716214906666667
41370, 1.2714628606666667
41400, 1.2713047556666668
41430, 1.2711471763333333
41460, 1.2709901236666667
41490, 1.270833599
41520, 1.270677603
41550, 1.270522137
41580, 1.2703672016666667
41610, 1.270212798
41640, 1.270058927
41670, 1.2699055896666667
41700, 1.2697527866666667
41730, 1.2696005193333333
41760, 1.2694487886666668
41790, 1.2692975953333334
41820, 1.2691469403333333
41850, 1.2689968246666665
41880, 1.2688472496666665
41910, 1.2686982153333333
41940, 1.2685497236666667
41970, 1.2684017746666667
42000, 1.26825437
42030, 1.26810751
42060, 1.267961196
42090, 1.267815429
42120, 1.2676702096666668
42150, 1.2675255386666666
42180, 1.2673814176666667
42210, 1.2672378466666667
42240, 1.2670948273333333
42270, 1.2669523603333332
42300, 1.2668104463333334
42330, 1.2666690866666668
42360, 1.2665282816666668
42390, 1.2663880330000001
42420, 1.2662483406666667
42450, 1.2661092063333332
42480, 1.2659706303333333
42510, 1.2658326136666667
42540, 1.2656951576666666
42570, 1.2655582626666666
42600, 1.2654219296666667
42630, 1.2652861596666667
42660, 1.2651509536666667
42690, 1.265016312
42720, 1.264882236
42750, 1.2647487263333335
42780, 1.264615784
42810, 1.26448341
42840, 1.2643516046666667
42870, 1.2642203693333334
42900, 1.2640897043333332
42930, 1.263959611
42960, 1.26383009
42990, 1.2637011423333333
43020, 1.2635727683333333
43050, 1.2634449693333334
43080, 1.263317746
43110, 1.2631910993333333
43140, 1.2630650296666668
43170, 1.262939538
43200, 1.2628146256666668
43230, 1.2626902926666665
43260, 1.2625665403333333
43290, 1.2624433696666666
43320, 1.2623207806666668
43350, 1.262198775
43380, 1.2620773526666667
43410, 1.2619565153333334
43440, 1.261836263
43470, 1.2617165966666666
43500, 1.2615975176666667
43530, 1.261479026
43560, 1.2613611226666666
43590, 1.261243809
43620, 1.261127085
43650, 1.2610109516666668
43680, 1.26089541
43710, 1.2607804606666666
43740, 1.2606661043333334
43770, 1.2605523416666666
43800, 1.2604391736666667
43830, 1.2603266006666667
43860, 1.260214624
43890, 1.260103244
43920, 1.2599924613333333
43950, 1.259882277
43980, 1.2597726916666667
44010, 1.259663706
44040, 1.2595553206666668
44070, 1.2594475366666666
44100, 1.2593403543333332
44130, 1.2592337746666666
44160, 1.2591277983333333
44190, 1.2590224256666667
44220, 1.2589176579999999
44250, 1.2588134953333332
44280, 1.258709939
44310, 1.2586069893333334
44340, 1.2585046473333332
44370, 1.258402913
44400, 1.258301788
44430, 1.2582012723333333
44460, 1.2581013666666665
44490, 1.258002072
44520, 1.2579033886666666
44550, 1.2578053176666666
44580, 1.2577078596666666
44610, 1.2576110150000002
44640, 1.2575147843333334
44670, 1.2574191686666667
44700, 1.2573241683333334
44730, 1.257229784
44760, 1.2571360166666667
44790, 1.2570428666666666
44820, 1.2569503343333333
44850, 1.256858421
44880, 1.2567671266666667
44910, 1.2566764523333331
44940, 1.2565863986666668
44970, 1.256496966
45000, 1.2564081550000001
45030, 1.2563199663333333
45060, 1.2562324006666665
45090, 1.2561454586666667
45120, 1.2560591406666666
45150, 1.2559734473333333
45180, 1.2558883793333333
45210, 1.2558039373333334
45240, 1.2557201216666667
45270, 1.2556369333333335
45300, 1.2555543726666667
45330, 1.2554724400000001
45360, 1.255391136
45390, 1.2553104616666666
45420, 1.2552304173333333
45450, 1.255151003
45480, 1.2550722200000002
45510, 1.2549940686666667
45540, 1.2549165493333334
45570, 1.2548396626666667
45600, 1.2547634093333333
45630, 1.2546877896666666
45660, 1.254612804
45690, 1.2545384536666668
45720, 1.2544647383333334
45750, 1.2543916586666666
45780, 1.2543192156666667
45810, 1.2542474093333333
45840, 1.2541762406666666
45870, 1.2541057096666666
45900, 1.2540358173333332
45930, 1.2539665636666666
45960, 1.2538979493333333
45990, 1.253829975
46020, 1.253762641
46050, 1.2536959476666667
46080, 1.2536298956666667
46110, 1.2535644856666668
46140, 1.253499718
46170, 1.253435593
46200, 1.253372111
46230, 1.253309273
46260, 1.2532470786666667
46290, 1.2531855293333332
46320, 1.2531246246666667
46350, 1.2530643656666667
46380, 1.2530047526666668
46410, 1.2529457860000002
46440, 1.252887466
46470, 1.252829793
46500, 1.2527727679999998
46530, 1.2527163906666667
46560, 1.252660662
46590, 1.2526055823333333
46620, 1.2525511520000001
46650, 1.252497371
46680, 1.2524442403333333
46710, 1.2523917603333332
46740, 1.252339931
46770, 1.252288753
46800, 1.2522382266666667
46830, 1.2521883523333333
46860, 1.2521391303333334
46890, 1.2520905613333335
46920, 1.2520426453333333
46950, 1.251995383
46980, 1.2519487746666667
47010, 1.2519028203333333
47040, 1.251857521
47070, 1.2518128763333334
47100, 1.2517688869999999
47130, 1.2517255533333334
47160, 1.251682876
47190, 1.2516408546666666
47220, 1.25159949
47250, 1.2515587823333334
47280, 1.2515187319999999
47310, 1.2514793393333334
47340, 1.2514406046666666
47370, 1.2514025283333334
47400, 1.2513651103333334
47430, 1.2513283513333333
47460, 1.2512922516666667
47490, 1.251256811
47520, 1.2512220306666666
47550, 1.25118791
47580, 1.2511544496666667
47610, 1.25112165
47640, 1.2510895113333333
47670, 1.251058034
47700, 1.2510272176666666
47730, 1.2509970633333334
47760, 1.2509675706666668
47790, 1.2509387403333332
47820, 1.2509105726666667
47850, 1.2508830673333333
47880, 1.250856225
47910, 1.2508300460000001
47940, 1.2508045303333333
47970, 1.2507796783333334
48000, 1.2507554903333333
48030, 1.2507319663333334
48060, 1.2507091066666667
48090, 1.2506869116666666
48120, 1.2506653810000001
48150, 1.2506445156666668
48180, 1.2506243153333334
48210, 1.2506047803333333
48240, 1.250585911
48270, 1.2505677073333332
48300, 1.2505501693333334
48330, 1.2505332976666668
48360, 1.2505170923333333
48390, 1.2505015533333335
48420, 1.250486681
48450, 1.2504724756666667
48480, 1.2504589369999999
48510, 1.2504460656666667
48540, 1.2504338613333335
48570, 1.2504223246666666
48600, 1.2504114553333334
48630, 1.250401254
48660, 1.25039172
48690, 1.2503828543333333
48720, 1.2503746566666667
48750, 1.2503671273333332
48780, 1.2503602663333333
48810, 1.2503540736666667
48840, 1.2503485496666666
48870, 1.2503436943333335
48900, 1.250339508
48930, 1.2503359903333333
48960, 1.2503331413333334
48990, 1.250330962
49020, 1.2503294513333332
49050, 1.2503286103333333
49080, 1.2503284383333333
49110, 1.2503289359999998
49140, 1.250330103
49170, 1.2503319393333332
49200, 1.2503344456666667
49230, 1.2503376213333333
49260, 1.250341467
49290, 1.2503459823333334
49320, 1.2503511673333332
49350, 1.2503570223333333
49380, 1.250363547
49410, 1.2503707419999999
49440, 1.2503786066666667
49470, 1.2503871413333334
49500, 1.2503963463333332
49530, 1.250406221
49560, 1.2504167656666667
49590, 1.2504279806666665
49620, 1.2504398656666667
49650, 1.2504524206666665
49680, 1.2504656456666667
49710, 1.2504795406666667
49740, 1.250494106
49770, 1.2505093409999999
49800, 1.250525246
49830, 1.2505418213333332
49860, 1.2505590663333335
49890, 1.2505769813333334
49920, 1.2505955663333332
49950, 1.250614821
49980, 1.2506347456666667
50010, 1.2506553396666666
50040, 1.2506766036666666
50070, 1.2506985373333332
50100, 1.2507211406666667
50130, 1.2507444133333334
50160, 1.2507683556666667
50190, 1.250792967
50220, 1.250818248
50250, 1.250844198
50280, 1.2508708173333334
50310, 1.2508981053333335
50340, 1.2509260626666667
50370, 1.2509546886666667
50400, 1.2509839836666667
50430, 1.2510139470000001
50460, 1.251044579
50490, 1.2510758793333334
50520, 1.251107848
50550, 1.2511404849999999
50580, 1.25117379
50610, 1.251207763
50640, 1.2512424036666667
50670, 1.251277712
50700, 1.2513136876666666
50730, 1.251350331
50760, 1.2513876413333334
50790, 1.2514256186666668
50820, 1.251464263
50850, 1.2515035743333334
50880, 1.251543552
50910, 1.251584196
50940, 1.2516255063333332
50970, 1.2516674826666667
51000, 1.2517101246666666
51030, 1.2517534326666668
51060, 1.251797406
51090, 1.2518420446666665
51120, 1.2518873483333333
51150, 1.251933317
51180, 1.2519799503333333
51210, 1.252027248
51240, 1.25207521
51270, 1.252123836
51300, 1.2521731256666666
51330, 1.252223079
51360, 1.2522736956666667
51390, 1.2523249753333334
51420, 1.252376918
51450, 1.2524295233333333
51480, 1.252482791
51510, 1.252536721
51540, 1.2525913123333334
51570, 1.2526465656666668
51600, 1.2527024803333333
51630, 1.252759056
51660, 1.2528162923333335
51690, 1.2528741893333333
51720, 1.2529327463333333
51750, 1.2529919636666667
51780, 1.2530518403333333
51810, 1.2531123766666665
51840, 1.2531735716666668
51870, 1.2532354256666667
51900, 1.2532979383333334
51930, 1.253361109
51960, 1.2534249373333333
51990, 1.2534894233333334
52020, 1.2535545666666668
52050, 1.2536203666666665
52080, 1.2536868233333334
52110, 1.2537539363333332
52140, 1.253821705
52170, 1.2538901293333333
52200, 1.253959209
52230, 1.2540289433333334
52260, 1.2540993323333331
52290, 1.2541703753333333
52320, 1.254242072
52350, 1.2543144223333333
52380, 1.2543874256666667
52410, 1.2544610816666666
52440, 1.2545353896666667
52470, 1.2546103499999999
52500, 1.2546859616666668
52530, 1.2547622246666665
52560, 1.2548391383333333
52590, 1.2549167023333332
52620, 1.2549949163333332
52650, 1.25507378
52680, 1.2551532926666666
52710, 1.2552334539999999
52740, 1.255314264
52770, 1.2553957216666667
52800, 1.2554778266666666
52830, 1.255560579
52860, 1.255643978
52890, 1.255728023
52920, 1.2558127140000002
52950, 1.2558980499999999
52980, 1.255984031
53010, 1.2560706566666666
53040, 1.256157926
53070, 1.256245839
53100, 1.2563343949999999
53130, 1.2564235933333332
53160, 1.256513434
53190, 1.2566039163333333
53220, 1.2566950399999999
53250, 1.2567868039999999
53280, 1.2568792086666667
53310, 1.2569722526666667
53340, 1.257065936
53370, 1.257160258
53400, 1.2572552183333334
53430, 1.2573508163333333
53460, 1.2574470516666667
53490, 1.2575439236666666
53520, 1.2576414316666669
53550, 1.2577395753333334
53580, 1.2578383543333334
53610, 1.257937768
53640, 1.2580378156666667
53670, 1.258138497
53700, 1.2582398113333333
53730, 1.258341758
53760, 1.2584443366666667
53790, 1.2585475469999998
53820, 1.2586513879999999
53850, 1.2587558593333334
53880, 1.2588609603333334
53910, 1.2589666903333332
53940, 1.2590730493333335
53970, 1.259180036
54000, 1.2592876503333332
54030, 1.2593958916666668
54060, 1.259504759
54090, 1.2596142523333334
54120, 1.2597243706666668
54150, 1.2598351133333332
54180, 1.2599464803333333
54210, 1.2600584703333333
54240, 1.2601710833333333
54270, 1.2602843183333334
54300, 1.260398175
54330, 1.2605126526666668
54360, 1.2606277503333334
54390, 1.260743468
54420, 1.2608598043333334
54450, 1.2609767593333332
54480, 1.2610943323333332
54510, 1.2612125220000001
54540, 1.2613313286666668
54570, 1.261450751
54600, 1.2615707886666667
54630, 1.2616914406666666
54660, 1.261812707
54690, 1.2619345863333333
54720, 1.2620570783333334
54750, 1.2621801823333332
54780, 1.2623038976666667
54810, 1.2624282236666666
54840, 1.2625531596666668
54870, 1.2626787046666665
54900, 1.2628048583333333
54930, 1.2629316199999998
54960, 1.263058989
54990, 1.2631869646666667
55020, 1.2633155456666665
55050, 1.2634447323333333
55080, 1.263574523
55110, 1.2637049176666666
55140, 1.2638359153333334
55170, 1.2639675153333332
55200, 1.264099717
55230, 1.2642325196666666
55260, 1.2643659223333332
55290, 1.2644999243333335
55320, 1.2646345253333333
55350, 1.264769724
55380, 1.2649055200000001
55410, 1.2650419126666668
55440, 1.265178901
55470, 1.2653164846666667
55500, 1.2654546623333334
55530, 1.2655934336666665
55560, 1.2657327976666666
55590, 1.2658727536666667
55620, 1.266013301
55650, 1.266154439
55680, 1.2662961663333332
55710, 1.266438483
55740, 1.2665813876666665
55770, 1.26672488
55800, 1.2668689586666666
55830, 1.2670136233333333
55860, 1.267158873
55890, 1.267304707
55920, 1.2674511246666667
55950, 1.2675981246666665
55980, 1.267745707
56010, 1.26789387
56040, 1.2680426133333333
56070, 1.2681919363333334
56100, 1.268341838
56130, 1.2684923173333333
56160, 1.268643374
56190, 1.2687950066666667
56220, 1.2689472146666667
56250, 1.2690999973333335
56280, 1.2692533536666666
56310, 1.2694072826666667
56340, 1.269561784
56370, 1.2697168566666666
56400, 1.2698724996666666
56430, 1.270028712
56460, 1.2701854929999998
56490, 1.270342842
56520, 1.2705007579999998
56550, 1.27065924
56580, 1.2708182873333334
56610, 1.270977899
56640, 1.2711380743333331
56670, 1.2712988123333333
56700, 1.271460112
56730, 1.2716219723333333
56760, 1.2717843930000001
56790, 1.271947373
56820, 1.272110911
56850, 1.2722750063333332
56880, 1.2724396583333335
56910, 1.2726048656666666
56940, 1.272770628
56970, 1.272936944
57000, 1.273103813
57030, 1.2732712336666667
57060, 1.2734392056666666
57090, 1.273607728
57120, 1.2737767993333333
57150, 1.2739464193333334
57180, 1.2741165863333335
57210, 1.2742873
57240, 1.2744585593333333
57270, 1.2746303633333333
57300, 1.274802711
57330, 1.2749756016666667
57360, 1.275149034
57390, 1.2753230073333335
57420, 1.2754975203333334
57450, 1.2756725726666667
57480, 1.275848163
57510, 1.2760242906666668
57540, 1.2762009543333332
57570, 1.2763781533333334
57600, 1.2765558866666666
57630, 1.276734153
57660, 1.276912952
57690, 1.2770922823333333
57720, 1.277272143
57750, 1.277452533
57780, 1.2776334516666668
57810, 1.2778148976666666
57840, 1.2779968703333333
57870, 1.2781793686666667
57900, 1.2783623913333335
57930, 1.2785459376666666
57960, 1.2787300063333333
57990, 1.278914597
58020, 1.279099708
58050, 1.2792853386666667
58080, 1.279471488
58110, 1.2796581546666668
58140, 1.2798453383333332
58170, 1.2800330373333333
58200, 1.280221251
58230, 1.280409978
58260, 1.2805992176666667
58290, 1.2807889689999998
58320, 1.2809792306666665
58350, 1.281170002
58380, 1.2813612816666666
58410, 1.281553069
58440, 1.2817453626666666
58470, 1.2819381613333334
58500, 1.2821314646666666
58530, 1.2823252713333335
58560, 1.2825195803333334
58590, 1.2827143903333333
58620, 1.2829097006666665
58650, 1.28310551
58680, 1.2833018176666666
58710, 1.2834986223333333
58740, 1.283695923
58770, 1.2838937183333334
58800, 1.2840920076666669
58830, 1.28429079
58860, 1.2844900639999999
58890, 1.2846898286666666
58920, 1.2848900826666667
58950, 1.2850908256666667
58980, 1.285292056
59010, 1.2854937726666666
59040, 1.2856959746666665
59070, 1.285898661
59100, 1.2861018303333334
59130, 1.286305482
59160, 1.2865096146666666
59190, 1.286714227
59220, 1.2869193183333334
59250, 1.2871248873333334
59280, 1.287330933
59310, 1.2875374543333333
59340, 1.2877444500000002
59370, 1.2879519193333333
59400, 1.2881598606666667
59430, 1.2883682730000001
59460, 1.2885771556666665
59490, 1.288786507
59520, 1.2889963263333333
59550, 1.2892066123333332
59580, 1.289417364
59610, 1.28962858
59640, 1.2898402593333333
59670, 1.2900524009999998
59700, 1.290265004
59730, 1.2904780666666666
59760, 1.2906915883333332
59790, 1.2909055676666668
59820, 1.2911200036666666
59850, 1.2913348953333335
59880, 1.291550241
59910, 1.29176604
59940, 1.2919822913333334
59970, 1.2921989933333333
60000, 1.292416145
60030, 1.2926337456666666
60060, 1.2928517933333334
60090, 1.2930702876666667
60120, 1.2932892273333334
60150, 1.2935086106666667
60180, 1.2937284373333333
60210, 1.2939487053333334
60240, 1.294169414
60270, 1.2943905623333332
60300, 1.2946121486666666
60330, 1.2948341723333334
60360, 1.2950566316666667
60390, 1.295279526
60420, 1.2955028536666666
60450, 1.295726614
60480, 1.2959508053333333
60510, 1.2961754269999999
60540, 1.2964004773333333
60570, 1.2966259556666666
60600, 1.2968518603333334
60630, 1.2970781903333333
60660, 1.2973049446666667
60690, 1.297532122
60720, 1.297759721
60750, 1.2979877406666667
60780, 1.29821618
60810, 1.2984450373333334
60840, 1.298674312
60870, 1.2989040023333334
60900, 1.2991341073333333
60930, 1.2993646256666667
60960, 1.2995955563333335
60990, 1.2998268983333332
61020, 1.30005865
61050, 1.3002908103333335
61080, 1.300523378
61110, 1.300756352
61140, 1.3009897313333334
61170, 1.3012235140000001
61200, 1.3014576996666667
61230, 1.3016922866666667
61260, 1.3019272736666665
61290, 1.30216266
61320, 1.302398444
61350, 1.3026346243333333
61380, 1.3028712
61410, 1.30310817
61440, 1.3033455326666668
61470, 1.303583287
61500, 1.303821432
61530, 1.3040599659999998
61560, 1.304298888
61590, 1.3045381966666665
61620, 1.3047778909999999
61650, 1.3050179693333332
61680, 1.305258431
61710, 1.3054992743333333
61740, 1.3057404983333334
61770, 1.3059821013333335
61800, 1.3062240826666667
61830, 1.306466441
61860, 1.3067091746666666
61890, 1.306952283
61920, 1.307195764
61950, 1.3074396173333334
61980, 1.307683841
62010, 1.307928434
62040, 1.3081733953333334
62070, 1.3084187233333335
62100, 1.3086644170000001
62130, 1.308910475
62160, 1.3091568963333333
62190, 1.3094036793333332
62220, 1.3096508226666668
62250, 1.3098983256666668
62280, 1.3101461866666668
62310, 1.3103944043333333
62340, 1.3106429776666666
62370, 1.3108919053333334
62400, 1.311141186
62430, 1.3113908183333334
62460, 1.3116408013333334
62490, 1.3118911333333334
62520, 1.3121418133333334
62550, 1.31239284
62580, 1.312644212
62610, 1.3128959283333335
62640, 1.3131479873333334
62670, 1.313400388
62700, 1.313653129
62730, 1.313906209
62760, 1.3141596266666666
62790, 1.3144133809999998
62820, 1.3146674703333332
62850, 1.3149218936666667
62880, 1.3151766493333332
62910, 1.3154317366666668
62940, 1.3156871540000001
62970, 1.3159429
63000, 1.3161989736666666
63030, 1.3164553733333335
63060, 1.316712098
63090, 1.3169691463333333
63120, 1.3172265170000002
63150, 1.3174842086666667
63180, 1.3177422200000002
63210, 1.3180005499999998
63240, 1.3182591970000002
63270, 1.31851816
63300, 1.3187774373333332
63330, 1.3190370280000001
63360, 1.3192969306666666
63390, 1.319557144
63420, 1.319817667
63450, 1.3200784976666666
63480, 1.3203396353333332
63510, 1.3206010786666667
63540, 1.320862826
63570, 1.3211248759999998
63600, 1.3213872276666667
63630, 1.3216498796666665
63660, 1.3219128306666668
63690, 1.3221760793333335
63720, 1.3224396243333334
63750, 1.3227034643333333
63780, 1.322967598
63810, 1.3232320243333333
63840, 1.3234967416666668
63870, 1.3237617486666666
63900, 1.3240270443333335
63930, 1.324292627
63960, 1.3245584956666667
63990, 1.324824649
64020, 1.3250910853333333
64050, 1.3253578036666667
64080, 1.3256248026666666
64110, 1.3258920810000001
64140, 1.326159637
64170, 1.3264274699999998
64200, 1.3266955783333332
64230, 1.3269639606666666
64260, 1.3272326153333334
64290, 1.327501542
64320, 1.3277707383333333
64350, 1.3280402033333334
64380, 1.3283099360000001
64410, 1.3285799346666667
64440, 1.3288501983333332
64470, 1.3291207253333333
64500, 1.3293915143333332
64530, 1.3296625643333333
64560, 1.3299338736666668
64590, 1.3302054413333333
64620, 1.3304772656666666
64650, 1.3307493453333332
64680, 1.3310216796666667
64710, 1.3312942666666667
64740, 1.331567105
64770, 1.3318401936666668
64800, 1.3321135313333334
64830, 1.3323871163333334
64860, 1.3326609476666667
64890, 1.332935024
64920, 1.3332093436666668
64950, 1.3334839056666667
64980, 1.3337587086666667
65010, 1.334033751
65040, 1.3343090316666666
65070, 1.3345845493333333
65100, 1.3348603026666668
65130, 1.33513629
65160, 1.3354125103333332
65190, 1.335688962
65220, 1.3359656443333332
65250, 1.3362425553333332
65280, 1.336519694
65310, 1.3367970586666666
65340, 1.3370746486666667
65370, 1.337352462
65400, 1.3376304973333333
65430, 1.337908754
65460, 1.33818723
65490, 1.338465924
65520, 1.3387448353333333
65550, 1.339023962
65580, 1.3393033026666668
65610, 1.3395828566666668
65640, 1.339862622
65670, 1.3401425973333334
65700, 1.3404227816666667
65730, 1.3407031736666666
65760, 1.3409837716666668
65790, 1.3412645746666667
65820, 1.341545581
65850, 1.3418267896666667
65880, 1.3421081993333335
65910, 1.3423898083333334
65940, 1.3426716153333333
65970, 1.3429536193333333
66000, 1.3432358186666666
66030, 1.3435182123333334
66060, 1.3438007986666665
66090, 1.3440835763333334
66120, 1.3443665443333332
66150, 1.344649701
66180, 1.3449330453333335
66210, 1.3452165756666665
66240, 1.3455002906666667
66270, 1.3457841890000002
66300, 1.3460682696666668
66330, 1.3463525306666666
66360, 1.3466369713333333
66390, 1.3469215903333334
66420, 1.3472063856666667
66450, 1.3474913563333333
66480, 1.3477765013333332
66510, 1.348061819
66540, 1.3483473076666666
66570, 1.3486329666666668
66600, 1.3489187943333334
66630, 1.3492047893333334
66660, 1.3494909503333332
66690, 1.349777276
66720, 1.350063765
66750, 1.3503504156666666
66780, 1.3506372273333334
66810, 1.3509241983333333
66840, 1.351211327
66870, 1.3514986123333335
66900, 1.3517860529999999
66930, 1.3520736476666666
66960, 1.3523613950000002
66990, 1.3526492936666668
67020, 1.3529373420000002
67050, 1.353225539
67080, 1.3535138833333333
67110, 1.3538023733333333
67140, 1.3540910083333333
67170, 1.354379786
67200, 1.354668706
67230, 1.3549577663333334
67260, 1.3552469660000002
67290, 1.3555363036666668
67320, 1.3558257776666667
67350, 1.3561153866666666
67380, 1.35640513
67410, 1.3566950056666667
67440, 1.3569850123333334
67470, 1.3572751490000001
67500, 1.3575654143333333
67530, 1.3578558066666668
67560, 1.3581463246666667
67590, 1.3584369676666666
67620, 1.3587277333333334
67650, 1.3590186213333333
67680, 1.3593096293333333
67710, 1.3596007570000002
67740, 1.3598920023333334
67770, 1.3601833639999998
67800, 1.360474841
67830, 1.3607664316666668
67860, 1.3610581350000002
67890, 1.3613499493333332
67920, 1.3616418736666667
67950, 1.3619339066666667
67980, 1.3622260466666667
68010, 1.3625182923333334
68040, 1.3628106426666666
68070, 1.3631030963333333
68100, 1.3633956516666665
68130, 1.3636883076666666
68160, 1.3639810626666666
68190, 1.3642739156666666
68220, 1.364566865
68250, 1.3648599096666667
68280, 1.3651530483333334
68310, 1.3654462796666667
68340, 1.3657396019999999
68370, 1.3660330143333332
68400, 1.366326515
68430, 1.366620103
68460, 1.366913777
68490, 1.3672075356666666
68520, 1.3675013776666667
68550, 1.3677953013333333
68580, 1.3680893060000001
68610, 1.3683833896666666
68640, 1.3686775513333334
68670, 1.36897179
68700, 1.3692661036666667
68730, 1.3695604913333335
68760, 1.3698549516666667
68790, 1.3701494836666666
68820, 1.3704440853333333
68850, 1.3707387560000002
68880, 1.371033494
68910, 1.3713282983333335
68940, 1.371623167
68970, 1.3719180996666667
69000, 1.3722130940000001
69030, 1.3725081493333333
69060, 1.3728032643333334
69090, 1.3730984373333335
69120, 1.3733936673333333
69150, 1.373688953
69180, 1.3739842926666666
69210, 1.3742796853333332
69240, 1.3745751296666666
69270, 1.3748706246666667
69300, 1.3751661683333334
69330, 1.3754617596666667
69360, 1.3757573976666666
69390, 1.3760530803333333
69420, 1.376348807
69450, 1.3766445763333335
69480, 1.3769403866666665
69510, 1.377236237
69540, 1.3775321256666668
69570, 1.3778280516666668
69600, 1.3781240136666666
69630, 1.3784200103333333
69660, 1.37871604
69690, 1.379012102
69720, 1.3793081946666668
69750, 1.3796043169999999
69780, 1.3799004670000001
69810, 1.3801966443333333
69840, 1.380492847
69870, 1.3807890736666668
69900, 1.3810853236666667
69930, 1.3813815950000001
69960, 1.3816778866666666
69990, 1.3819741976666666
70020, 1.3822705263333332
70050, 1.3825668713333334
70080, 1.3828632316666667
70110, 1.3831596056666668
70140, 1.3834559923333334
70170, 1.3837523903333333
70200, 1.3840487983333334
70230, 1.384345215
70260, 1.3846416393333334
70290, 1.3849380696666667
70320, 1.3852345046666665
70350, 1.3855309433333334
70380, 1.3858273843333333
70410, 1.3861238263333333
70440, 1.386420268
70470, 1.386716708
70500, 1.3870131453333334
70530, 1.3873095786666667
70560, 1.3876060063333333
70590, 1.3879024273333334
70620, 1.3881988403333334
70650, 1.3884952443333334
70680, 1.3887916376666667
70710, 1.3890880190000001
70740, 1.3893843873333334
70770, 1.3896807413333334
70800, 1.38997708
70830, 1.3902734013333333
70860, 1.3905697046666665
70890, 1.3908659886666668
70920, 1.391162252
70950, 1.391458493
70980, 1.3917547110000001
71010, 1.3920509046666667
71040, 1.3923470723333333
71070, 1.3926432126666668
71100, 1.392939325
71130, 1.393235408
71160, 1.3935314596666668
71190, 1.3938274796666668
71220, 1.3941234660000001
71250, 1.3944194176666667
71280, 1.3947153336666667
71310, 1.3950112123333334
71340, 1.3953070526666667
71370, 1.3956028533333333
71400, 1.3958986133333333
71430, 1.3961943306666666
71460, 1.396490005
71490, 1.3967856346666667
71520, 1.397081218
71550, 1.3973767546666667
71580, 1.3976722426666666
71610, 1.3979676810000001
71640, 1.3982630683333332
71670, 1.3985584036666667
71700, 1.3988536853333333
71730, 1.3991489126666665
71760, 1.3994440836666666
71790, 1.399739198
71820, 1.4000342536666668
71850, 1.4003292496666668
71880, 1.400624185
71910, 1.4009190580000002
71940, 1.401213868
71970, 1.401508613
72000, 1.4018032923333332
72030, 1.4020979046666666
72060, 1.4023924486666668
72090, 1.4026869233333332
72120, 1.402981327
72150, 1.403275659
72180, 1.4035699176666667
72210, 1.4038641016666666
72240, 1.4041582103333332
72270, 1.4044522416666667
72300, 1.4047461953333333
72330, 1.4050400693333334
72360, 1.4053338629999998
72390, 1.405627575
72420, 1.4059212036666666
72450, 1.4062147483333334
72480, 1.4065082073333333
72510, 1.40680158
72540, 1.4070948646666666
72570, 1.40738806
72600, 1.4076811653333334
72630, 1.407974179
72660, 1.4082671
72690, 1.408559927
72720, 1.408852659
72750, 1.4091452943333334
72780, 1.4094378323333334
72810, 1.4097302716666666
72840, 1.410022611
72870, 1.410314849
72900, 1.4106069846666667
72930, 1.4108990166666666
72960, 1.4111909440000001
72990, 1.4114827653333333
73020, 1.4117744793333333
73050, 1.412066085
73080, 1.4123575813333333
73110, 1.4126489666666666
73140, 1.4129402403333333
73170, 1.4132314006666666
73200, 1.4135224463333333
73230, 1.4138133769999999
73260, 1.4141041906666667
73290, 1.4143948863333333
73320, 1.414685463
73350, 1.4149759196666667
73380, 1.4152662543333334
73410, 1.4155564666666667
73440, 1.4158465553333333
73470, 1.4161365186666666
73500, 1.4164263559999999
73530, 1.416716066
73560, 1.4170056473333335
73590, 1.417295099
73620, 1.4175844196666667
73650, 1.4178736083333334
73680, 1.418162664
73710, 1.418451585
73740, 1.4187403706666666
73770, 1.4190290193333333
73800, 1.41931753
73830, 1.419605902
73860, 1.4198941333333333
73890, 1.4201822236666668
73920, 1.420470171
73950, 1.4207579750000001
73980, 1.421045634
74010, 1.4213331470000001
74040, 1.4216205126666666
74070, 1.42190773
74100, 1.4221947979999998
74130, 1.422481715
74160, 1.4227684806666667
74190, 1.4230550929999999
74220, 1.4233415513333332
74250, 1.4236278546666665
74280, 1.4239140013333333
74310, 1.4241999903333333
74340, 1.424485821
74370, 1.4247714916666667
74400, 1.4250570013333332
74430, 1.4253423486666668
74460, 1.4256275330000001
74490, 1.425912553
74520, 1.4261974073333334
74550, 1.4264820953333333
74580, 1.4267666153333334
74610, 1.4270509663333333
74640, 1.4273351473333333
74670, 1.4276191569999999
74700, 1.4279029946666666
74730, 1.4281866586666667
74760, 1.4284701483333333
74790, 1.4287534623333333
74820, 1.4290365993333332
74850, 1.4293195583333334
74880, 1.4296023386666665
74910, 1.4298849386666668
74940, 1.4301673573333333
74970, 1.4304495933333334
75000, 1.4307316463333333
75030, 1.4310135143333333
75060, 1.431295197
75090, 1.4315766923333333
75120, 1.431858
75150, 1.4321391186666668
75180, 1.432420047
75210, 1.4327007843333333
75240, 1.432981329
75270, 1.4332616803333333
75300, 1.4335418373333333
75330, 1.4338217983333335
75360, 1.4341015626666667
75390, 1.4343811293333335
75420, 1.4346604966666665
75450, 1.4349396643333332
75480, 1.4352186306666666
75510, 1.4354973946666667
75540, 1.4357759553333334
75570, 1.436054312
75600, 1.4363324626666667
75630, 1.4366104069999999
75660, 1.4368881436666665
75690, 1.4371656716666668
75720, 1.43744299
75750, 1.437720097
75780, 1.4379969923333333
75810, 1.4382736746666667
75840, 1.4385501426666667
75870, 1.4388263953333333
75900, 1.439102432
75930, 1.4393782513333333
75960, 1.4396538523333333
75990, 1.4399292336666667
76020, 1.4402043943333334
76050, 1.4404793336666666
76080, 1.4407540503333331
76110, 1.441028543
76140, 1.4413028110000001
76170, 1.4415768533333333
76200, 1.4418506686666666
76230, 1.4421242556666667
76260, 1.4423976139999999
76290, 1.4426707423333334
76320, 1.4429436393333333
76350, 1.4432163043333335
76380, 1.443488736
76410, 1.4437609336666666
76440, 1.4440328956666666
76470, 1.4443046216666668
76500, 1.4445761099999999
76530, 1.44484736
76560, 1.4451183703333332
76590, 1.4453891403333332
76620, 1.445659669
76650, 1.4459299546666666
76680, 1.4461999970000001
76710, 1.4464697946666667
76740, 1.4467393463333333
76770, 1.4470086516666667
76800, 1.447277709
76830, 1.4475465176666666
76860, 1.4478150766666666
76890, 1.4480833846666665
76920, 1.448351441
76950, 1.4486192446666666
76980, 1.448886794
77010, 1.4491540886666667
77040, 1.4494211276666666
77070, 1.4496879093333335
77100, 1.4499544333333334
77130, 1.4502206983333332
77160, 1.4504867036666667
77190, 1.4507524476666667
77220, 1.4510179296666668
77250, 1.451283149
77280, 1.4515481043333334
77310, 1.4518127946666668
77340, 1.452077219
77370, 1.4523413763333333
77400, 1.4526052656666666
77430, 1.452868886
77460, 1.4531322366666666
77490, 1.4533953160000002
77520, 1.4536581236666666
77550, 1.4539206583333333
77580, 1.4541829193333333
77610, 1.4544449053333333
77640, 1.4547066153333335
77670, 1.4549680483333334
77700, 1.4552292036666667
77730, 1.4554900803333333
77760, 1.455750677
77790, 1.456010993
77820, 1.4562710273333335
77850, 1.4565307786666666
77880, 1.4567902466666667
77910, 1.4570494296666667
77940, 1.457308327
77970, 1.457566938
78000, 1.4578252613333333
78030, 1.4580832963333332
78060, 1.4583410416666667
78090, 1.4585984963333334
78120, 1.45885566
78150, 1.459112531
78180, 1.4593691086666667
78210, 1.4596253923333333
78240, 1.4598813806666666
78270, 1.4601370726666667
78300, 1.4603924676666666
78330, 1.4606475646666666
78360, 1.4609023626666668
78390, 1.4611568603333334
78420, 1.4614110573333332
78450, 1.4616649526666667
78480, 1.461918545
78510, 1.4621718336666667
78540, 1.4624248176666668
78570, 1.462677496
78600, 1.462929868
78630, 1.4631819323333333
78660, 1.4634336883333332
78690, 1.463685135
78720, 1.4639362713333335
78750, 1.4641870966666668
78780, 1.4644376096666667
78810, 1.4646878096666667
78840, 1.464937696
78870, 1.4651872673333333
78900, 1.465436523
78930, 1.4656854616666666
78960, 1.4659340829999998
78990, 1.4661823856666667
79020, 1.466430369
79050, 1.4666780320000001
79080, 1.4669253736666668
79110, 1.4671723933333334
79140, 1.4674190896666668
79170, 1.4676654623333334
79200, 1.46791151
79230, 1.468157232
79260, 1.4684026273333333
79290, 1.468647695
79320, 1.4688924343333334
79350, 1.4691368443333335
79380, 1.469380924
79410, 1.4696246726666666
79440, 1.4698680893333333
79470, 1.470111173
79500, 1.470353923
79530, 1.4705963383333334
79560, 1.470838418
79590, 1.4710801613333335
79620, 1.4713215673333333
79650, 1.4715626353333333
79680, 1.471803364
79710, 1.472043753
79740, 1.4722838010000001
79770, 1.4725235076666665
79800, 1.4727628716666668
79830, 1.473001892
79860, 1.4732405683333334
79890, 1.4734788996666666
79920, 1.473716885
79950, 1.4739545233333333
79980, 1.474191814
80010, 1.474428756
80040, 1.4746653486666668
80070, 1.4749015913333332
80100, 1.4751374826666666
80130, 1.4753730219999999
80160, 1.4756082086666669
80190, 1.4758430416666666
80220, 1.47607752
80250, 1.476311643
80280, 1.4765454100000002
80310, 1.47677882
80340, 1.477011872
80370, 1.4772445653333333
80400, 1.4774768993333334
80430, 1.4777088726666667
80460, 1.477940485
80490, 1.4781717353333332
80520, 1.478402623
80550, 1.4786331466666667
80580, 1.478863306
80610, 1.4790931
80640, 1.4793225276666666
80670, 1.4795515886666666
80700, 1.4797802816666668
80730, 1.4800086063333333
80760, 1.4802365613333335
80790, 1.4804641463333332
80820, 1.4806913603333334
80850, 1.4809182023333334
80880, 1.4811446716666665
80910, 1.4813707676666668
80940, 1.4815964893333333
80970, 1.4818218360000002
81000, 1.4820468070000001
81030, 1.482271401
81060, 1.482495618
81090, 1.4827194563333332
81120, 1.482942916
81150, 1.4831659956666665
81180, 1.4833886946666668
81210, 1.4836110123333333
81240, 1.4838329476666665
81270, 1.4840544999999998
81300, 1.4842756689999999
81330, 1.484496453
81360, 1.484716852
81390, 1.4849368646666667
81420, 1.4851564906666666
81450, 1.485375729
81480, 1.485594579
81510, 1.4858130396666667
81540, 1.4860311103333332
81570, 1.4862487903333332
81600, 1.4864660786666666
81630, 1.4866829750000001
81660, 1.4868994783333334
81690, 1.4871155876666666
81720, 1.4873313026666666
81750, 1.4875466223333333
81780, 1.487761546
81810, 1.4879760726666666
81840, 1.4881902020000002
81870, 1.488403933
81900, 1.488617265
81930, 1.488830197
81960, 1.4890427286666668
81990, 1.489254859
82020, 1.4894665870000001
82050, 1.4896779126666666
82080, 1.4898888346666666
82110, 1.4900993523333335
82140, 1.4903094653333333
82170, 1.4905191723333333
82200, 1.490728473
82230, 1.4909373663333334
82260, 1.4911458519999998
82290, 1.491353929
82320, 1.4915615966666667
82350, 1.491768854
82380, 1.4919757009999999
82410, 1.492182136
82440, 1.4923881593333335
82470, 1.4925937693333333
82500, 1.4927989656666667
82530, 1.4930037479999998
82560, 1.4932081149999998
82590, 1.4934120663333332
82620, 1.4936156010000001
82650, 1.4938187186666667
82680, 1.4940214183333334
82710, 1.4942236993333333
82740, 1.4944255610000001
82770, 1.494627003
82800, 1.494828024
82830, 1.4950286236666668
82860, 1.4952288013333332
82890, 1.4954285563333332
82920, 1.4956278876666667
82950, 1.4958267950000002
82980, 1.4960252776666667
83010, 1.4962233346666667
83040, 1.4964209653333334
83070, 1.4966181693333334
83100, 1.4968149456666666
83130, 1.4970112936666666
83160, 1.497207213
83190, 1.4974027026666665
83220, 1.497597762
83250, 1.4977923903333334
83280, 1.4979865873333333
83310, 1.498180352
83340, 1.4983736836666666
83370, 1.498566582
83400, 1.498759046
83430, 1.4989510750000001
83460, 1.4991426683333333
83490, 1.4993338256666666
83520, 1.4995245463333333
83550, 1.499714829
83580, 1.499904674
83610, 1.50009408
83640, 1.5002830463333332
83670, 1.5004715726666666
83700, 1.5006596583333334
83730, 1.5008473026666667
83760, 1.501034505
83790, 1.5012212643333331
83820, 1.5014075806666667
83850, 1.5015934530000001
83880, 1.5017788810000001
83910, 1.5019638633333332
83940, 1.5021484003333334
83970, 1.5023324906666666
84000, 1.5025161336666666
84030, 1.5026993293333333
84060, 1.5028820766666668
84090, 1.503064375
84120, 1.5032462236666666
84150, 1.5034276223333334
84180, 1.50360857
84210, 1.5037890663333333
84240, 1.5039691106666668
84270, 1.5041487023333333
84300, 1.504327841
84330, 1.5045065256666668
84360, 1.504684756
84390, 1.504862531
84420, 1.5050398506666667
84450, 1.505216714
84480, 1.5053931203333333
84510, 1.5055690693333335
84540, 1.5057445606666668
84570, 1.505919593
84600, 1.5060941663333334
84630, 1.5062682796666667
84660, 1.5064419326666667
84690, 1.5066151246666666
84720, 1.5067878553333334
84750, 1.5069601236666668
84780, 1.5071319296666668
84810, 1.507303272
84840, 1.5074741506666667
84870, 1.5076445649999999
84900, 1.507814514
84930, 1.5079839976666667
84960, 1.508153015
84990, 1.508321566
85020, 1.5084896493333333
85050, 1.508657265
85080, 1.5088244123333334
85110, 1.508991091
85140, 1.5091572996666667
85170, 1.5093230383333334
85200, 1.5094883066666667
85230, 1.5096531036666667
85260, 1.509817429
85290, 1.509981282
85320, 1.5101446623333334
85350, 1.5103075693333334
85380, 1.5104700023333333
85410, 1.5106319606666667
85440, 1.5107934443333333
85470, 1.5109544523333334
85500, 1.5111149843333334
85530, 1.51127504
85560, 1.5114346183333331
85590, 1.5115937190000002
85620, 1.5117523413333334
85650, 1.5119104853333334
85680, 1.5120681496666666
85710, 1.5122253346666668
85740, 1.5123820393333334
85770, 1.512538263
85800, 1.5126940053333333
85830, 1.5128492660000001
85860, 1.5130040443333332
85890, 1.51315834
85920, 1.513312152
85950, 1.5134654803333332
85980, 1.5136183243333332
86010, 1.5137706833333333
86040, 1.513922557
86070, 1.5140739446666667
86100, 1.514224846
86130, 1.5143752606666667
86160, 1.5145251876666666
86190, 1.514674627
86220, 1.514823578
86250, 1.5149720400000002
86280, 1.5151200126666666
86310, 1.5152674956666667
86340, 1.5154144883333334
86370, 1.5155609903333334
86400, 1.5157070006666666
