# Name : TDRS5
# Contents : DELAY
0, 1.2257641726666668
30, 1.225793982
60, 1.2258244790000001
90, 1.2258556636666667
120, 1.2258875356666665
150, 1.225920095
180, 1.2259533413333332
210, 1.2259872753333334
240, 1.226021896
270, 1.2260572033333335
300, 1.2260931976666667
330, 1.2261298783333334
360, 1.2261672456666666
390, 1.226205299
420, 1.2262440386666666
450, 1.226283464
480, 1.2263235753333335
510, 1.2263643723333335
540, 1.226405855
570, 1.2264480226666667
600, 1.2264908753333335
630, 1.226534413
660, 1.2265786356666666
690, 1.2266235426666667
720, 1.226669134
750, 1.2267154096666668
780, 1.226762369
810, 1.2268100123333334
840, 1.226858339
870, 1.226907349
900, 1.226957042
930, 1.227007418
960, 1.2270584766666668
990, 1.2271102176666666
1020, 1.2271626406666667
1050, 1.2272157456666666
1080, 1.2272695326666665
1110, 1.2273240006666668
1140, 1.22737915
1170, 1.2274349803333333
1200, 1.227491491
1230, 1.2275486823333335
1260, 1.2276065536666667
1290, 1.227665105
1320, 1.2277243356666667
1350, 1.2277842456666668
1380, 1.2278448346666666
1410, 1.2279061023333333
1440, 1.2279680486666666
1470, 1.2280306726666665
1500, 1.2280939746666666
1530, 1.228157954
1560, 1.2282226106666667
1590, 1.2282879443333332
1620, 1.2283539543333333
1650, 1.2284206406666667
1680, 1.2284880026666667
1710, 1.2285560403333333
1740, 1.2286247529999998
1770, 1.2286941409999999
1800, 1.2287642029999999
1830, 1.2288349396666667
1860, 1.2289063496666668
1890, 1.2289784333333333
1920, 1.2290511903333334
1950, 1.22912462
1980, 1.2291987216666667
2010, 1.2292734956666667
2040, 1.2293489413333334
2070, 1.2294250580000001
2100, 1.2295018456666666
2130, 1.2295793036666667
2160, 1.2296574316666666
2190, 1.2297362296666667
2220, 1.2298156966666667
2250, 1.2298958326666667
2280, 1.229976637
2310, 1.2300581093333334
2340, 1.2301402493333333
2370, 1.2302230566666668
2400, 1.2303065306666665
2430, 1.230390671
2460, 1.2304754773333333
2490, 1.230560949
2520, 1.2306470856666665
2550, 1.230733887
2580, 1.2308213523333333
2610, 1.2309094816666666
2640, 1.230998274
2670, 1.231087729
2700, 1.2311778463333334
2730, 1.2312686256666665
2760, 1.2313600663333333
2790, 1.2314521676666665
2820, 1.2315449296666667
2850, 1.2316383513333333
2880, 1.2317324326666665
2910, 1.2318271726666667
2940, 1.2319225710000001
2970, 1.2320186276666667
3000, 1.2321153413333332
3030, 1.2322127123333333
3060, 1.2323107393333332
3090, 1.2324094226666666
3120, 1.2325087609999998
3150, 1.2326087543333333
3180, 1.232709402
3210, 1.2328107033333333
3240, 1.2329126579999998
3270, 1.2330152653333333
3300, 1.2331185246666667
3330, 1.2332224356666668
3360, 1.2333269980000001
3390, 1.2334322106666666
3420, 1.2335380733333334
3450, 1.2336445853333333
3480, 1.2337517463333332
3510, 1.2338595553333334
3540, 1.233968012
3570, 1.234077116
3600, 1.2341868663333333
3630, 1.2342972626666666
3660, 1.2344083046666667
3690, 1.234519991
3720, 1.2346323216666668
3750, 1.234745296
3780, 1.234858913
3810, 1.2349731726666666
3840, 1.2350880736666667
3870, 1.235203616
3900, 1.235319799
3930, 1.2354366216666666
3960, 1.2355540836666665
3990, 1.2356721843333334
4020, 1.235790923
4050, 1.2359102993333333
4080, 1.236030312
4110, 1.2361509606666667
4140, 1.2362722449999999
4170, 1.236394164
4200, 1.2365167173333333
4230, 1.2366399036666667
4260, 1.2367637233333335
4290, 1.2368881746666667
4320, 1.237013258
4350, 1.2371389716666668
4380, 1.2372653156666666
4410, 1.237392289
4440, 1.237519891
4470, 1.2376481213333335
4500, 1.2377769790000002
4530, 1.2379064633333334
4560, 1.2380365733333334
4590, 1.238167309
4620, 1.2382986693333333
4650, 1.2384306533333334
4680, 1.2385632603333334
4710, 1.23869649
4740, 1.2388303413333333
4770, 1.2389648136666667
4800, 1.2390999063333334
4830, 1.2392356183333335
4860, 1.2393719493333333
4890, 1.2395088986666667
4920, 1.2396464649999999
4950, 1.2397846479999999
4980, 1.2399234466666667
5010, 1.2400628606666668
5040, 1.240202889
5070, 1.2403435310000002
5100, 1.2404847856666665
5130, 1.2406266526666665
5160, 1.2407691306666666
5190, 1.2409122193333333
5220, 1.2410559176666667
5250, 1.2412002253333334
5280, 1.2413451406666667
5310, 1.2414906639999999
5340, 1.2416367936666668
5370, 1.2417835289999999
5400, 1.2419308696666667
5430, 1.2420788143333332
5460, 1.2422273626666667
5490, 1.2423765136666667
5520, 1.2425262663333334
5550, 1.24267662
5580, 1.2428275743333335
5610, 1.2429791276666668
5640, 1.2431312796666667
5670, 1.2432840293333334
5700, 1.243437376
5730, 1.243591319
5760, 1.243745857
5790, 1.2439009896666666
5820, 1.2440567156666666
5850, 1.2442130346666667
5880, 1.2443699456666666
5910, 1.2445274473333334
5940, 1.2446855396666667
5970, 1.2448442210000001
6000, 1.2450034909999999
6030, 1.2451633486666667
6060, 1.2453237929999998
6090, 1.2454848233333333
6120, 1.2456464386666668
6150, 1.2458086383333333
6180, 1.245971421
6210, 1.2461347863333332
6240, 1.246298733
6270, 1.2464632603333334
6300, 1.2466283676666667
6330, 1.2467940536666666
6360, 1.2469603176666666
6390, 1.2471271586666668
6420, 1.247294576
6450, 1.2474625686666667
6480, 1.2476311356666667
6510, 1.247800276
6540, 1.2479699886666666
6570, 1.2481402733333333
6600, 1.2483111286666668
6630, 1.2484825536666666
6660, 1.2486545473333335
6690, 1.2488271093333334
6720, 1.249000238
6750, 1.249173933
6780, 1.2493481929999999
6810, 1.2495230173333334
6840, 1.249698405
6870, 1.2498743546666666
6900, 1.250050866
6930, 1.2502279376666667
6960, 1.2504055686666666
6990, 1.2505837583333332
7020, 1.2507625053333333
7050, 1.250941809
7080, 1.2511216683333335
7110, 1.2513020823333332
7140, 1.2514830499999998
7170, 1.2516645703333333
7200, 1.2518466426666668
7230, 1.2520292656666667
7260, 1.2522124383333333
7290, 1.2523961596666666
7320, 1.252580429
7350, 1.252765245
7380, 1.2529506069999998
7410, 1.253136514
7440, 1.2533229646666666
7470, 1.253509958
7500, 1.2536974933333334
7530, 1.2538855693333335
7560, 1.2540741853333333
7590, 1.2542633403333332
7620, 1.2544530326666667
7650, 1.2546432623333332
7680, 1.2548340273333334
7710, 1.2550253273333334
7740, 1.255217161
7770, 1.255409527
7800, 1.255602425
7830, 1.2557958536666667
7860, 1.255989812
7890, 1.2561842986666667
7920, 1.256379313
7950, 1.2565748540000001
7980, 1.2567709203333335
8010, 1.256967511
8040, 1.2571646250000001
8070, 1.2573622613333333
8100, 1.2575604189999998
8130, 1.2577590966666667
8160, 1.2579582936666667
8190, 1.2581580086666666
8220, 1.2583582406666667
8250, 1.2585589883333335
8280, 1.2587602513333331
8310, 1.258962028
8340, 1.2591643173333333
8370, 1.2593671183333333
8400, 1.2595704300000001
8430, 1.2597742509999998
8460, 1.2599785803333334
8490, 1.2601834173333333
8520, 1.2603887603333332
8550, 1.2605946086666666
8580, 1.260800961
8610, 1.2610078163333334
8640, 1.2612151733333334
8670, 1.2614230313333334
8700, 1.261631389
8730, 1.2618402453333333
8760, 1.262049599
8790, 1.262259449
8820, 1.2624697943333332
8850, 1.2626806336666667
8880, 1.262891966
8910, 1.2631037903333333
8940, 1.2633161056666666
8970, 1.2635289103333334
9000, 1.2637422036666668
9030, 1.2639559846666666
9060, 1.2641702516666666
9090, 1.264385004
9120, 1.2646002403333334
9150, 1.2648159593333332
9180, 1.2650321603333332
9210, 1.2652488419999999
9240, 1.265466003
9270, 1.2656836426666667
9300, 1.2659017593333333
9330, 1.266120352
9360, 1.2663394196666666
9390, 1.2665589609999999
9420, 1.266778975
9450, 1.2669994603333332
9480, 1.267220416
9510, 1.267441841
9540, 1.267663734
9570, 1.2678860936666667
9600, 1.2681089190000001
9630, 1.2683322086666666
9660, 1.2685559620000002
9690, 1.2687801773333334
9720, 1.2690048536666667
9750, 1.2692299896666668
9780, 1.2694555843333333
9810, 1.2696816366666666
9840, 1.269908145
9870, 1.2701351086666666
9900, 1.270362526
9930, 1.2705903963333334
9960, 1.2708187180000001
9990, 1.27104749
10020, 1.2712767113333334
10050, 1.2715063806666667
10080, 1.2717364966666667
10110, 1.271967058
10140, 1.272198064
10170, 1.2724295133333332
10200, 1.2726614043333333
10230, 1.2728937363333332
10260, 1.2731265076666667
10290, 1.2733597176666667
10320, 1.2735933646666666
10350, 1.2738274476666667
10380, 1.2740619653333334
10410, 1.2742969166666667
10440, 1.2745323
10470, 1.2747681146666667
10500, 1.2750043593333333
10530, 1.2752410323333332
10560, 1.275478133
10590, 1.27571566
10620, 1.2759536116666668
10650, 1.2761919873333334
10680, 1.2764307856666668
10710, 1.276670005
10740, 1.2769096443333334
10770, 1.277149703
10800, 1.2773901786666666
10830, 1.2776310713333334
10860, 1.2778723786666668
10890, 1.2781141
10920, 1.278356234
10950, 1.2785987796666667
10980, 1.2788417353333332
11010, 1.2790850996666667
11040, 1.279328872
11070, 1.2795730506666667
11100, 1.2798176346666668
11130, 1.2800626223333333
11160, 1.280308013
11190, 1.2805538046666667
11220, 1.2807999970000001
11250, 1.281046588
11280, 1.2812935766666667
11310, 1.2815409616666666
11340, 1.281788742
11370, 1.282036916
11400, 1.2822854826666668
11430, 1.2825344406666668
11460, 1.282783789
11490, 1.283033526
11520, 1.2832836506666665
11550, 1.2835341613333333
11580, 1.2837850573333334
11610, 1.2840363366666667
11640, 1.2842879986666667
11670, 1.2845400420000002
11700, 1.2847924653333331
11730, 1.285045267
11760, 1.2852984459999999
11790, 1.2855520013333332
11820, 1.2858059313333334
11850, 1.2860602349999999
11880, 1.2863149106666667
11910, 1.2865699573333333
11940, 1.2868253736666668
11970, 1.2870811583333333
12000, 1.2873373103333332
12030, 1.287593828
12060, 1.28785071
12090, 1.2881079553333334
12120, 1.2883655626666666
12150, 1.2886235306666667
12180, 1.2888818576666665
12210, 1.289140543
12240, 1.2893995850000002
12270, 1.2896589826666667
12300, 1.289918734
12330, 1.2901788386666666
12360, 1.2904392943333334
12390, 1.2907001006666665
12420, 1.2909612556666668
12450, 1.2912227586666667
12480, 1.2914846076666666
12510, 1.2917468016666667
12540, 1.2920093396666668
12570, 1.2922722196666667
12600, 1.292535441
12630, 1.292799002
12660, 1.2930629016666668
12690, 1.2933271383333333
12720, 1.2935917106666666
12750, 1.293856618
12780, 1.294121858
12810, 1.2943874303333334
12840, 1.294653333
12870, 1.2949195649999998
12900, 1.295186125
12930, 1.2954530116666667
12960, 1.2957202233333334
12990, 1.2959877593333333
13020, 1.2962556176666666
13050, 1.2965237976666666
13080, 1.2967922973333335
13110, 1.297061116
13140, 1.2973302519999999
13170, 1.2975997036666667
13200, 1.2978694703333333
13230, 1.2981395503333333
13260, 1.2984099426666666
13290, 1.2986806453333333
13320, 1.2989516573333333
13350, 1.2992229776666666
13380, 1.2994946046666667
13410, 1.299766537
13440, 1.3000387733333332
13470, 1.3003113126666668
13500, 1.300584153
13530, 1.3008572936666667
13560, 1.3011307330000002
13590, 1.3014044696666667
13620, 1.3016785023333335
13650, 1.3019528296666667
13680, 1.3022274506666667
13710, 1.3025023633333332
13740, 1.3027775670000001
13770, 1.3030530596666667
13800, 1.3033288406666668
13830, 1.3036049083333332
13860, 1.303881261
13890, 1.3041578980000001
13920, 1.3044348173333333
13950, 1.3047120183333334
13980, 1.3049894990000002
14010, 1.3052672583333333
14040, 1.305545295
14070, 1.3058236073333334
14100, 1.3061021943333333
14130, 1.3063810546666668
14160, 1.3066601869999999
14190, 1.3069395896666667
14220, 1.3072192613333333
14250, 1.3074992010000002
14280, 1.3077794073333333
14310, 1.3080598783333335
14340, 1.3083406133333333
14370, 1.308621611
14400, 1.3089028693333333
14430, 1.3091843876666667
14460, 1.3094661643333334
14490, 1.309748198
14520, 1.3100304870000001
14550, 1.3103130306666666
14580, 1.310595827
14610, 1.3108788753333334
14640, 1.3111621736666668
14670, 1.3114457206666668
14700, 1.3117295156666668
14730, 1.3120135563333333
14760, 1.3122978423333334
14790, 1.3125823713333333
14820, 1.3128671426666665
14850, 1.3131521546666667
14880, 1.313437406
14910, 1.3137228956666667
14940, 1.3140086216666667
14970, 1.314294583
15000, 1.3145807783333332
15030, 1.3148672063333333
15060, 1.3151538656666668
15090, 1.3154407546666667
15120, 1.3157278723333334
15150, 1.3160152170000001
15180, 1.3163027873333335
15210, 1.3165905823333333
15240, 1.3168786003333335
15270, 1.3171668403333332
15300, 1.3174553003333331
15330, 1.3177439793333334
15360, 1.318032876
15390, 1.318321989
15420, 1.318611317
15450, 1.3189008583333333
15480, 1.3191906119999999
15510, 1.3194805763333333
15540, 1.31977075
15570, 1.320061132
15600, 1.3203517206666666
15630, 1.3206425146666665
15660, 1.3209335126666666
15690, 1.3212247133333332
15720, 1.3215161153333332
15750, 1.3218077173333334
15780, 1.3220995176666666
15810, 1.3223915153333334
15840, 1.3226837086666667
15870, 1.3229760963333335
15900, 1.3232686773333333
15930, 1.32356145
15960, 1.323854413
15990, 1.324147565
16020, 1.3244409046666668
16050, 1.3247344306666666
16080, 1.3250281416666667
16110, 1.325322036
16140, 1.3256161126666668
16170, 1.32591037
16200, 1.3262048069999999
16230, 1.3264994216666668
16260, 1.3267942133333335
16290, 1.3270891806666667
16320, 1.3273843216666668
16350, 1.3276796353333333
16380, 1.3279751203333334
16410, 1.328270775
16440, 1.3285665983333335
16470, 1.3288625889999999
16500, 1.3291587453333333
16530, 1.3294550663333333
16560, 1.3297515503333333
16590, 1.3300481960000001
16620, 1.330345002
16650, 1.3306419669999998
16680, 1.3309390896666666
16710, 1.3312363686666666
16740, 1.3315338026666665
16770, 1.33183139
16800, 1.3321291296666666
16830, 1.3324270203333333
16860, 1.3327250603333334
16890, 1.3330232483333333
16920, 1.3333215829999998
16950, 1.3336200633333333
16980, 1.3339186876666667
17010, 1.3342174543333334
17040, 1.3345163626666665
17070, 1.334815411
17100, 1.3351145976666665
17130, 1.3354139216666667
17160, 1.3357133813333333
17190, 1.3360129756666668
17220, 1.3363127033333333
17250, 1.3366125626666667
17280, 1.3369125523333334
17310, 1.337212671
17340, 1.3375129176666667
17370, 1.3378132906666667
17400, 1.3381137886666667
17430, 1.33841441
17460, 1.338715154
17490, 1.3390160186666666
17520, 1.3393170030000001
17550, 1.3396181056666667
17580, 1.3399193249999999
17610, 1.34022066
17640, 1.3405221093333335
17670, 1.3408236713333332
17700, 1.3411253446666667
17730, 1.341427128
17760, 1.3417290203333334
17790, 1.3420310199999999
17820, 1.3423331256666666
17850, 1.342635336
17880, 1.3429376496666665
17910, 1.3432400653333334
17940, 1.3435425816666666
17970, 1.3438451973333334
18000, 1.3441479109999999
18030, 1.3444507209999998
18060, 1.3447536263333333
18090, 1.3450566256666667
18120, 1.3453597176666667
18150, 1.3456629006666667
18180, 1.3459661736666668
18210, 1.346269535
18240, 1.3465729833333333
18270, 1.3468765176666666
18300, 1.3471801366666667
18330, 1.3474838386666665
18360, 1.3477876223333334
18390, 1.3480914863333333
18420, 1.3483954296666667
18450, 1.3486994506666665
18480, 1.349003548
18510, 1.3493077203333332
18540, 1.3496119666666668
18570, 1.3499162853333333
18600, 1.350220675
18630, 1.3505251343333333
18660, 1.350829662
18690, 1.3511342566666666
18720, 1.351438917
18750, 1.3517436416666668
18780, 1.3520484293333332
18810, 1.352353279
18840, 1.3526581886666666
18870, 1.3529631576666667
18900, 1.353268184
18930, 1.353573267
18960, 1.3538784046666668
18990, 1.3541835963333335
19020, 1.35448884
19050, 1.3547941350000001
19080, 1.3550994796666667
19110, 1.3554048723333332
19140, 1.3557103123333334
19170, 1.356015798
19200, 1.356321328
19230, 1.356626901
19260, 1.356932516
19290, 1.357238171
19320, 1.3575438653333334
19350, 1.3578495973333333
19380, 1.3581553656666665
19410, 1.3584611690000001
19440, 1.3587670063333335
19470, 1.359072876
19500, 1.3593787769999999
19530, 1.3596847076666667
19560, 1.3599906666666668
19590, 1.360296653
19620, 1.360602665
19650, 1.3609087020000001
19680, 1.3612147616666666
19710, 1.3615208436666666
19740, 1.361826946
19770, 1.3621330676666668
19800, 1.3624392073333333
19830, 1.3627453636666667
19860, 1.3630515353333332
19890, 1.3633577206666667
19920, 1.3636639193333335
19950, 1.363970129
19980, 1.3642763486666667
20010, 1.3645825773333333
20040, 1.3648888136666666
20070, 1.365195056
20100, 1.365501303
20130, 1.3658075536666667
20160, 1.3661138066666667
20190, 1.3664200606666665
20220, 1.3667263143333332
20250, 1.3670325663333334
20280, 1.3673388153333332
20310, 1.3676450599999999
20340, 1.367951299
20370, 1.3682575313333332
20400, 1.3685637556666668
20430, 1.3688699703333334
20460, 1.3691761743333335
20490, 1.3694823663333333
20520, 1.369788545
20550, 1.370094709
20580, 1.3704008573333333
20610, 1.3707069883333334
20640, 1.3710131006666666
20670, 1.3713191933333333
20700, 1.371625265
20730, 1.3719313143333334
20760, 1.3722373396666667
20790, 1.3725433403333334
20820, 1.372849315
20850, 1.373155262
20880, 1.37346118
20910, 1.373767068
20940, 1.3740729250000001
20970, 1.374378749
21000, 1.3746845393333333
21030, 1.3749902943333334
21060, 1.375296013
21090, 1.3756016936666666
21120, 1.3759073356666667
21150, 1.3762129373333334
21180, 1.376518497
21210, 1.3768240143333332
21240, 1.3771294873333335
21270, 1.377434915
21300, 1.377740296
21330, 1.3780456293333334
21360, 1.3783509133333331
21390, 1.3786561466666667
21420, 1.3789613283333333
21450, 1.3792664573333333
21480, 1.3795715316666666
21510, 1.379876551
21540, 1.3801815133333335
21570, 1.3804864173333333
21600, 1.3807912623333334
21630, 1.381096047
21660, 1.3814007696666668
21690, 1.381705429
21720, 1.3820100243333333
21750, 1.382314554
21780, 1.3826190170000001
21810, 1.3829234116666667
21840, 1.3832277373333333
21870, 1.383531992
21900, 1.3838361753333333
21930, 1.3841402853333333
21960, 1.384444321
21990, 1.384748281
22020, 1.3850521643333333
22050, 1.3853559696666666
22080, 1.3856596956666667
22110, 1.385963341
22140, 1.3862669046666667
22170, 1.3865703853333333
22200, 1.3868737816666665
22230, 1.3871770926666667
22260, 1.3874803169999999
22290, 1.3877834530000002
22320, 1.3880865
22350, 1.3883894566666666
22380, 1.3886923216666667
22410, 1.3889950936666666
22440, 1.3892977716666666
22470, 1.3896003543333333
22500, 1.3899028403333333
22530, 1.3902052283333333
22560, 1.3905075176666668
22590, 1.3908097066666667
22620, 1.391111794
22650, 1.3914137786666667
22680, 1.3917156596666667
22710, 1.3920174353333334
22740, 1.3923191046666665
22770, 1.3926206666666667
22800, 1.3929221196666666
22830, 1.3932234626666666
22860, 1.3935246946666666
22890, 1.3938258140000002
22920, 1.3941268196666667
22950, 1.3944277106666665
22980, 1.3947284856666666
23010, 1.3950291433333335
23040, 1.3953296823333334
23070, 1.395630102
23100, 1.3959304006666666
23130, 1.3962305773333334
23160, 1.3965306306666667
23190, 1.3968305593333332
23220, 1.3971303626666667
23250, 1.3974300389999998
23280, 1.3977295873333333
23310, 1.3980290063333334
23340, 1.398328295
23370, 1.3986274516666668
23400, 1.398926476
23430, 1.399225366
23460, 1.3995241206666666
23490, 1.3998227393333333
23520, 1.40012122
23550, 1.4004195623333333
23580, 1.4007177643333333
23610, 1.4010158253333334
23640, 1.4013137439999999
23670, 1.4016115193333334
23700, 1.4019091496666667
23730, 1.4022066343333333
23760, 1.402503972
23790, 1.4028011613333333
23820, 1.4030982016666667
23850, 1.4033950910000001
23880, 1.4036918286666666
23910, 1.4039884136666667
23940, 1.4042848446666667
23970, 1.40458112
24000, 1.4048772393333333
24030, 1.405173201
24060, 1.405469004
24090, 1.4057646469999998
24120, 1.4060601289999999
24150, 1.406355449
24180, 1.4066506053333334
24210, 1.4069455973333334
24240, 1.4072404236666667
24270, 1.407535083
24300, 1.4078295746666667
24330, 1.408123897
24360, 1.408418049
24390, 1.4087120296666666
24420, 1.4090058376666668
24450, 1.409299472
24480, 1.4095929316666667
24510, 1.409886215
24540, 1.4101793213333333
24570, 1.4104722493333333
24600, 1.4107649979999999
24630, 1.4110575663333333
24660, 1.4113499526666669
24690, 1.4116421559999999
24720, 1.4119341756666668
24750, 1.4122260100000001
24780, 1.4125176583333332
24810, 1.4128091193333334
24840, 1.4131003916666667
24870, 1.4133914743333333
24900, 1.4136823663333333
24930, 1.4139730663333332
24960, 1.4142635736666667
24990, 1.4145538866666667
25020, 1.4148440043333335
25050, 1.415133926
25080, 1.41542365
25110, 1.4157131753333334
25140, 1.4160025010000001
25170, 1.416291626
25200, 1.4165805486666667
25230, 1.4168692686666666
25260, 1.4171577846666665
25290, 1.417446095
25320, 1.4177341993333332
25350, 1.418022096
25380, 1.4183097843333334
25410, 1.4185972626666667
25440, 1.4188845303333333
25470, 1.4191715863333334
25500, 1.4194584293333332
25530, 1.419745058
25560, 1.420031472
25590, 1.4203176693333335
25620, 1.4206036493333334
25650, 1.4208894109999999
25680, 1.4211749533333333
25710, 1.421460275
25740, 1.421745375
25770, 1.4220302519999999
25800, 1.4223149053333333
25830, 1.4225993336666667
25860, 1.4228835359999998
25890, 1.4231675113333333
25920, 1.4234512583333334
25950, 1.423734776
25980, 1.4240180636666666
26010, 1.4243011196666666
26040, 1.4245839433333334
26070, 1.4248665333333335
26100, 1.4251488886666666
26130, 1.4254310086666666
26160, 1.4257128916666666
26190, 1.425994537
26220, 1.4262759433333334
26250, 1.4265571099999999
26280, 1.4268380353333334
26310, 1.427118719
26340, 1.4273991593333333
26370, 1.4276793553333333
26400, 1.4279593063333333
26430, 1.428239011
26460, 1.4285184686666668
26490, 1.4287976776666667
26520, 1.4290766373333332
26550, 1.4293553463333333
26580, 1.4296338043333334
26610, 1.4299120093333333
26640, 1.4301899610000002
26670, 1.430467658
26700, 1.4307450993333335
26730, 1.4310222836666666
26760, 1.4312992106666667
26790, 1.4315758786666666
26820, 1.431852287
26850, 1.4321284346666667
26880, 1.4324043199999998
26910, 1.432679943
26940, 1.4329553016666667
26970, 1.4332303956666665
27000, 1.4335052233333332
27030, 1.4337797843333333
27060, 1.4340540773333335
27090, 1.434328101
27120, 1.434601855
27150, 1.4348753376666665
27180, 1.4351485483333333
27210, 1.4354214859999999
27240, 1.4356941496666666
27270, 1.435966538
27300, 1.4362386503333333
27330, 1.4365104853333333
27360, 1.4367820426666666
27390, 1.4370533203333333
27420, 1.4373243183333333
27450, 1.437595035
27480, 1.4378654693333333
27510, 1.438135621
27540, 1.4384054883333333
27570, 1.4386750703333333
27600, 1.4389443663333332
27630, 1.4392133753333334
27660, 1.4394820963333335
27690, 1.439750528
27720, 1.4400186696666668
27750, 1.4402865203333333
27780, 1.440554079
27810, 1.4408213446666667
27840, 1.4410883163333332
27870, 1.441354993
27900, 1.4416213740000001
27930, 1.4418874576666667
27960, 1.4421532436666666
27990, 1.4424187306666667
28020, 1.4426839176666666
28050, 1.4429488043333334
28080, 1.4432133886666665
28110, 1.4434776706666665
28140, 1.443741649
28170, 1.4440053223333333
28200, 1.4442686903333335
28230, 1.4445317516666667
28260, 1.4447945053333333
28290, 1.4450569506666666
28320, 1.4453190863333334
28350, 1.4455809116666667
28380, 1.4458424256666667
28410, 1.4461036273333334
28440, 1.4463645159999998
28470, 1.44662509
28500, 1.4468853493333333
28530, 1.4471452923333332
28560, 1.447404918
28590, 1.4476642259999999
28620, 1.4479232153333335
28650, 1.4481818843333334
28680, 1.448440233
28710, 1.4486982596666667
28740, 1.4489559636666667
28770, 1.449213344
28800, 1.4494704
28830, 1.4497271306666666
28860, 1.4499835346666667
28890, 1.4502396116666667
28920, 1.4504953603333335
28950, 1.45075078
28980, 1.4510058693333332
29010, 1.451260628
29040, 1.4515150543333335
29070, 1.4517691483333333
29100, 1.4520229083333334
29130, 1.452276334
29160, 1.452529424
29190, 1.4527821773333334
29220, 1.4530345936666667
29250, 1.4532866716666668
29280, 1.4535384103333333
29310, 1.453789809
29340, 1.454040867
29370, 1.4542915829999998
29400, 1.454541956
29430, 1.4547919856666667
29460, 1.4550416706666667
29490, 1.4552910103333334
29520, 1.4555400036666666
29550, 1.4557886496666668
29580, 1.4560369476666666
29610, 1.4562848966666666
29640, 1.4565324956666668
29670, 1.4567797443333335
29700, 1.457026641
29730, 1.4572731853333334
29760, 1.4575193763333334
29790, 1.457765213
29820, 1.4580106946666667
29850, 1.4582558203333333
29880, 1.458500589
29910, 1.458745
29940, 1.4589890523333333
29970, 1.4592327453333334
30000, 1.459476078
30030, 1.4597190496666668
30060, 1.459961659
30090, 1.4602039053333333
30120, 1.4604457883333333
30150, 1.4606873063333332
30180, 1.460928459
30210, 1.4611692453333334
30240, 1.4614096646666666
30270, 1.4616497160000002
30300, 1.4618893983333332
30330, 1.462128711
30360, 1.462367653
30390, 1.4626062236666666
30420, 1.4628444219999999
30450, 1.4630822476666667
30480, 1.4633196990000001
30510, 1.463556776
30540, 1.463793477
30570, 1.464029802
30600, 1.4642657493333333
30630, 1.464501319
30660, 1.4647365096666667
30690, 1.4649713206666668
30720, 1.465205751
30750, 1.4654398
30780, 1.465673467
30810, 1.465906751
30840, 1.466139651
30870, 1.4663721663333333
30900, 1.4666042966666666
30930, 1.4668360403333334
30960, 1.4670673969999999
30990, 1.467298366
31020, 1.4675289463333334
31050, 1.467759137
31080, 1.4679889376666666
31110, 1.468218347
31140, 1.4684473646666667
31170, 1.4686759896666668
31200, 1.468904221
31230, 1.4691320583333334
31260, 1.4693595003333333
31290, 1.4695865466666667
31320, 1.4698131963333334
31350, 1.4700394486666666
31380, 1.4702653030000001
31410, 1.470490758
31440, 1.4707158133333333
31470, 1.470940468
31500, 1.4711647216666666
31530, 1.471388573
31560, 1.4716120216666666
31590, 1.4718350663333333
31620, 1.4720577069999998
31650, 1.4722799423333333
31680, 1.4725017716666666
31710, 1.4727231943333334
31740, 1.4729442093333334
31770, 1.4731648163333333
31800, 1.473385014
31830, 1.4736048023333332
31860, 1.47382418
31890, 1.4740431463333334
31920, 1.4742617003333334
31950, 1.474479842
31980, 1.47469757
32010, 1.4749148836666666
32040, 1.4751317823333334
32070, 1.475348265
32100, 1.4755643313333333
32130, 1.4757799803333334
32160, 1.4759952116666666
32190, 1.476210024
32220, 1.4764244166666667
32250, 1.4766383893333332
32280, 1.476851941
32310, 1.4770650710000002
32340, 1.4772777786666667
32370, 1.477490063
32400, 1.4777019236666666
32430, 1.4779133596666667
32460, 1.4781243703333333
32490, 1.478334955
32520, 1.478545113
32550, 1.4787548433333333
32580, 1.4789641456666667
32610, 1.479173019
32640, 1.479381463
32670, 1.4795894763333333
32700, 1.4797970586666667
32730, 1.4800042093333334
32760, 1.4802109276666666
32790, 1.4804172126666666
32820, 1.4806230636666666
32850, 1.4808284803333334
32880, 1.481033462
32910, 1.4812380073333333
32940, 1.4814421163333333
32970, 1.4816457876666667
33000, 1.4818490213333335
33030, 1.482051816
33060, 1.4822541713333333
33090, 1.4824560866666667
33120, 1.482657561
33150, 1.4828585943333332
33180, 1.4830591850000001
33210, 1.4832593333333333
33240, 1.483459038
33270, 1.4836582983333335
33300, 1.4838571139999999
33330, 1.4840554840000002
33360, 1.484253408
33390, 1.484450885
33420, 1.4846479146666667
33450, 1.484844496
33480, 1.4850406283333333
33510, 1.4852363113333333
33540, 1.4854315443333332
33570, 1.4856263263333334
33600, 1.4858206566666665
33630, 1.4860145353333334
33660, 1.486207961
33690, 1.486400933
33720, 1.486593451
33750, 1.4867855143333333
33780, 1.4869771223333332
33810, 1.4871682743333332
33840, 1.4873589696666667
33870, 1.4875492076666668
33900, 1.4877389876666667
33930, 1.487928309
33960, 1.4881171713333332
33990, 1.4883055736666668
34020, 1.4884935156666665
34050, 1.4886809963333334
34080, 1.4888680156666667
34110, 1.4890545723333335
34140, 1.489240666
34170, 1.489426296
34200, 1.489611462
34230, 1.4897961629999998
34260, 1.4899803986666666
34290, 1.490164168
34320, 1.4903474706666666
34350, 1.4905303063333333
34380, 1.4907126736666665
34410, 1.4908945726666667
34440, 1.4910760026666667
34470, 1.4912569629999999
34500, 1.4914374526666667
34530, 1.4916174716666666
34560, 1.491797019
34590, 1.4919760943333333
34620, 1.4921546966666666
34650, 1.4923328256666666
34680, 1.492510481
34710, 1.4926876616666667
34740, 1.4928643673333333
34770, 1.4930405973333334
34800, 1.493216351
34830, 1.493391628
34860, 1.4935664273333333
34890, 1.4937407486666667
34920, 1.4939145916666667
34950, 1.4940879553333335
34980, 1.494260839
35010, 1.4944332426666667
35040, 1.4946051653333334
35070, 1.4947766066666668
35100, 1.494947566
35130, 1.4951180426666666
35160, 1.495288036
35190, 1.4954575460000001
35220, 1.4956265713333332
35250, 1.4957951120000001
35280, 1.4959631673333333
35310, 1.496130737
35340, 1.4962978196666668
35370, 1.4964644156666667
35400, 1.496630524
35430, 1.496796144
35460, 1.4969612756666668
35490, 1.497125918
35520, 1.4972900703333334
35550, 1.4974537326666666
35580, 1.497616904
35610, 1.4977795836666667
35640, 1.497941772
35670, 1.4981034673333333
35700, 1.49826467
35730, 1.4984253793333333
35760, 1.4985855943333335
35790, 1.4987453146666667
35820, 1.4989045403333334
35850, 1.4990632700000002
35880, 1.4992215036666667
35910, 1.499379241
35940, 1.4995364806666667
35970, 1.499693223
36000, 1.499849467
36030, 1.5000052123333334
36060, 1.5001604586666668
36090, 1.500315205
36120, 1.5004694513333332
36150, 1.5006231966666665
36180, 1.500776441
36210, 1.5009291836666667
36240, 1.5010814239999999
36270, 1.5012331616666668
36300, 1.501384396
36330, 1.5015351266666668
36360, 1.501685353
36390, 1.501835075
36420, 1.5019842913333332
36450, 1.5021330023333332
36480, 1.5022812073333331
36510, 1.5024289053333333
36540, 1.5025760966666668
36570, 1.5027227799999998
36600, 1.5028689556666668
36630, 1.5030146223333332
36660, 1.5031597803333334
36690, 1.5033044286666668
36720, 1.5034485673333333
36750, 1.5035921953333333
36780, 1.5037353123333335
36810, 1.5038779183333335
36840, 1.5040200123333334
36870, 1.504161594
36900, 1.504302663
36930, 1.504443219
36960, 1.5045832613333334
36990, 1.5047227893333333
37020, 1.504861803
37050, 1.5050003016666667
37080, 1.5051382846666668
37110, 1.505275752
37140, 1.505412703
37170, 1.5055491373333334
37200, 1.5056850543333333
37230, 1.5058204536666666
37260, 1.5059553346666668
37290, 1.5060896976666667
37320, 1.5062235413333334
37350, 1.5063568656666666
37380, 1.5064896703333335
37410, 1.506621955
37440, 1.5067537186666666
37470, 1.5068849613333333
37500, 1.5070156823333334
37530, 1.5071458816666667
37560, 1.5072755583333333
37590, 1.5074047126666665
37620, 1.5075333436666665
37650, 1.507661451
37680, 1.5077890343333333
37710, 1.5079160933333333
37740, 1.5080426273333334
37770, 1.5081686363333333
37800, 1.5082941196666668
37830, 1.508419077
37860, 1.5085435076666667
37890, 1.5086674116666667
37920, 1.5087907886666667
37950, 1.508913638
37980, 1.509035959
38010, 1.509157752
38040, 1.509279016
38070, 1.509399751
38100, 1.5095199563333335
38130, 1.5096396316666667
38160, 1.5097587766666665
38190, 1.509877391
38220, 1.5099954743333333
38250, 1.5101130263333333
38280, 1.5102300463333334
38310, 1.5103465343333333
38340, 1.5104624893333334
38370, 1.5105779116666667
38400, 1.510692801
38430, 1.5108071563333334
38460, 1.5109209776666668
38490, 1.5110342646666666
38520, 1.5111470166666665
38550, 1.5112592340000002
38580, 1.5113709156666666
38610, 1.5114820613333333
38640, 1.5115926713333334
38670, 1.5117027443333333
38700, 1.5118122806666667
38730, 1.5119212796666668
38760, 1.5120297413333332
38790, 1.512137665
38820, 1.5122450503333333
38850, 1.5123518973333334
38880, 1.5124582053333333
38910, 1.5125639739999999
38940, 1.512669203
38970, 1.512773892
39000, 1.512878041
39030, 1.5129816496666666
39060, 1.513084717
39090, 1.5131872433333333
39120, 1.513289228
39150, 1.513390671
39180, 1.5134915716666666
39210, 1.5135919296666667
39240, 1.5136917453333334
39270, 1.5137910173333333
39300, 1.5138897463333334
39330, 1.5139879313333333
39360, 1.5140855723333333
39390, 1.514182669
39420, 1.514279221
39450, 1.5143752283333334
39480, 1.51447069
39510, 1.5145656063333335
39540, 1.5146599766666666
39570, 1.5147538010000001
39600, 1.5148470786666666
39630, 1.5149398096666666
39660, 1.5150319936666667
39690, 1.5151236306666667
39720, 1.5152147196666668
39750, 1.515305261
39780, 1.515395254
39810, 1.5154846986666668
39840, 1.5155735946666666
39870, 1.5156619416666668
39900, 1.5157497393333335
39930, 1.5158369876666666
39960, 1.515923686
39990, 1.5160098343333335
40020, 1.5160954323333333
40050, 1.5161804796666667
40080, 1.516264976
40110, 1.5163489213333334
40140, 1.5164323153333332
40170, 1.5165151576666667
40200, 1.516597448
40230, 1.5166791863333333
40260, 1.5167603723333334
40290, 1.5168410056666668
40320, 1.516921086
40350, 1.517000613
40380, 1.5170795866666666
40410, 1.517158007
40440, 1.5172358733333333
40470, 1.5173131853333333
40500, 1.5173899433333333
40530, 1.5174661463333332
40560, 1.517541795
40590, 1.5176168883333334
40620, 1.5176914263333334
40650, 1.5177654090000001
40680, 1.5178388356666666
40710, 1.5179117066666665
40740, 1.5179840213333333
40770, 1.5180557796666667
40800, 1.5181269816666667
40830, 1.5181976263333332
40860, 1.5182677143333334
40890, 1.518337245
40920, 1.518406218
40950, 1.5184746336666668
40980, 1.518542491
41010, 1.5186097906666667
41040, 1.518676532
41070, 1.5187427146666665
41100, 1.5188083386666666
41130, 1.518873404
41160, 1.51893791
41190, 1.519001857
41220, 1.5190652443333332
41250, 1.519128072
41280, 1.5191903396666666
41310, 1.5192520476666667
41340, 1.5193131953333334
41370, 1.5193737826666667
41400, 1.5194338093333333
41430, 1.5194932749999999
41460, 1.51955218
41490, 1.519610524
41520, 1.5196683066666667
41550, 1.5197255276666668
41580, 1.5197821873333335
41610, 1.519838285
41640, 1.5198938210000001
41670, 1.5199487946666665
41700, 1.520003206
41730, 1.520057055
41760, 1.5201103416666666
41790, 1.5201630653333333
41820, 1.5202152260000001
41850, 1.5202668236666668
41880, 1.5203178583333332
41910, 1.5203683293333334
41940, 1.5204182370000001
41970, 1.520467581
42000, 1.5205163613333335
42030, 1.5205645776666665
42060, 1.5206122296666666
42090, 1.5206593176666667
42120, 1.5207058416666668
42150, 1.5207518006666667
42180, 1.5207971953333335
42210, 1.5208420253333332
42240, 1.5208862903333333
42270, 1.5209299903333333
42300, 1.5209731253333334
42330, 1.521015695
42360, 1.5210576993333333
42390, 1.5210991383333334
42420, 1.5211400116666667
42450, 1.521180319
42480, 1.521220061
42510, 1.5212592366666666
42540, 1.5212978466666667
42570, 1.5213358903333334
42600, 1.5213733676666668
42630, 1.5214102790000001
42660, 1.5214466236666668
42690, 1.5214824016666666
42720, 1.5215176129999999
42750, 1.5215522576666667
42780, 1.5215863356666666
42810, 1.5216198466666668
42840, 1.5216527906666666
42870, 1.5216851673333334
42900, 1.521716977
42930, 1.5217482193333334
42960, 1.5217788943333335
42990, 1.521809002
43020, 1.521838542
43050, 1.5218675146666665
43080, 1.5218959193333332
43110, 1.5219237563333332
43140, 1.5219510256666666
43170, 1.521977727
43200, 1.5220038603333332
43230, 1.522029426
43260, 1.522054423
43290, 1.5220788523333333
43320, 1.5221027133333334
43350, 1.5221260060000001
43380, 1.5221487306666668
43410, 1.5221708866666668
43440, 1.5221924743333333
43470, 1.5222134933333333
43500, 1.5222339440000001
43530, 1.522253826
43560, 1.5222731396666667
43590, 1.5222918843333333
43620, 1.5223100606666666
43650, 1.522327668
43680, 1.5223447066666667
43710, 1.5223611766666667
43740, 1.5223770776666665
43770, 1.5223924096666666
43800, 1.522407173
43830, 1.5224213673333333
43860, 1.5224349926666667
43890, 1.5224480493333334
43920, 1.5224605366666668
43950, 1.522472455
43980, 1.5224838043333333
44010, 1.522494585
44040, 1.522504796
44070, 1.5225144383333333
44100, 1.5225235116666667
44130, 1.5225320156666668
44160, 1.5225399506666666
44190, 1.5225473163333334
44220, 1.522554113
44250, 1.5225603406666668
44280, 1.5225659993333334
44310, 1.5225710886666666
44340, 1.522575609
44370, 1.5225795603333334
44400, 1.5225829426666668
44430, 1.5225857556666667
44460, 1.5225879996666667
44490, 1.5225896746666667
44520, 1.5225907806666668
44550, 1.5225913176666666
44580, 1.5225912856666666
44610, 1.5225906846666666
44640, 1.5225895146666668
44670, 1.522587776
44700, 1.5225854683333333
44730, 1.5225825916666667
44760, 1.5225791463333334
44790, 1.522575132
44820, 1.522570549
44850, 1.5225653973333333
44880, 1.522559677
44910, 1.5225533880000002
44940, 1.5225465303333332
44970, 1.5225391043333334
45000, 1.5225311096666665
45030, 1.5225225466666668
45060, 1.522513415
45090, 1.5225037153333332
45120, 1.522493447
45150, 1.5224826106666667
45180, 1.522471206
45210, 1.5224592333333333
45240, 1.5224466926666667
45270, 1.522433584
45300, 1.522419907
45330, 1.5224056626666667
45360, 1.5223908503333334
45390, 1.5223754703333334
45420, 1.5223595223333333
45450, 1.5223430073333333
45480, 1.5223259243333334
45510, 1.5223082743333332
45540, 1.5222900566666666
45570, 1.522271272
45600, 1.52225192
45630, 1.522232001
45660, 1.522211515
45690, 1.522190462
45720, 1.5221688423333333
45750, 1.522146656
45780, 1.522123903
45810, 1.5221005833333332
45840, 1.5220766973333333
45870, 1.522052245
45900, 1.5220272266666668
45930, 1.522001642
45960, 1.5219754913333334
45990, 1.521948775
46020, 1.5219214926666667
46050, 1.521893645
46080, 1.5218652313333332
46110, 1.5218362526666667
46140, 1.5218067083333333
46170, 1.521776599
46200, 1.5217459246666667
46230, 1.5217146853333334
46260, 1.521682881
46290, 1.5216505123333335
46320, 1.5216175790000002
46350, 1.521584081
46380, 1.521550019
46410, 1.5215153926666667
46440, 1.5214802026666665
46470, 1.5214444483333334
46500, 1.5214081306666667
46530, 1.5213712493333333
46560, 1.5213338043333333
46590, 1.5212957963333333
46620, 1.521257225
46650, 1.521218091
46680, 1.5211783939999999
46710, 1.5211381343333334
46740, 1.521097312
46770, 1.5210559273333333
46800, 1.5210139806666667
46830, 1.520971472
46860, 1.5209284013333333
46890, 1.520884769
46920, 1.520840575
46950, 1.52079582
46980, 1.5207505036666666
47010, 1.5207046260000001
47040, 1.520658188
47070, 1.520611189
47100, 1.5205636296666665
47130, 1.5205155103333332
47160, 1.5204668306666667
47190, 1.520417591
47220, 1.5203677916666667
47250, 1.5203174326666666
47280, 1.5202665146666667
47310, 1.5202150373333334
47340, 1.520163001
47370, 1.5201104060000001
47400, 1.5200572523333333
47430, 1.5200035403333332
47460, 1.5199492703333335
47490, 1.5198944423333334
47520, 1.5198390566666666
47550, 1.5197831133333333
47580, 1.5197266126666666
47610, 1.5196695550000001
47640, 1.5196119406666666
47670, 1.5195537693333332
47700, 1.5194950416666666
47730, 1.519435758
47760, 1.519375918
47790, 1.5193155226666666
47820, 1.5192545713333334
47850, 1.519193065
47880, 1.5191310033333332
47910, 1.5190683870000001
47940, 1.519005216
47970, 1.5189414906666667
48000, 1.518877211
48030, 1.5188123776666667
48060, 1.5187469906666666
48090, 1.51868105
48120, 1.5186145563333333
48150, 1.51854751
48180, 1.5184799106666667
48210, 1.518411759
48240, 1.5183430553333332
48270, 1.5182737996666666
48300, 1.5182039923333335
48330, 1.5181336333333335
48360, 1.5180627236666666
48390, 1.517991263
48420, 1.5179192516666666
48450, 1.51784669
48480, 1.5177735783333333
48510, 1.5176999169999998
48540, 1.517625706
48570, 1.5175509456666667
48600, 1.5174756363333333
48630, 1.5173997786666666
48660, 1.5173233723333333
48690, 1.517246418
48720, 1.517168916
48750, 1.5170908663333333
48780, 1.5170122693333332
48810, 1.5169331253333334
48840, 1.5168534346666667
48870, 1.5167731976666665
48900, 1.5166924146666667
48930, 1.516611086
48960, 1.5165292116666667
48990, 1.516446792
49020, 1.5163638276666667
49050, 1.516280319
49080, 1.5161962656666665
49110, 1.5161116686666667
49140, 1.5160265276666667
49170, 1.5159408436666666
49200, 1.5158546166666667
49230, 1.515767847
49260, 1.5156805346666666
49290, 1.5155926806666666
49320, 1.5155042846666666
49350, 1.5154153476666667
49380, 1.5153258693333334
49410, 1.51523585
49440, 1.5151452906666667
49470, 1.515054191
49500, 1.5149625516666665
49530, 1.5148703730000002
49560, 1.5147776553333334
49590, 1.514684399
49620, 1.514590604
49650, 1.5144962713333334
49680, 1.5144014006666666
49710, 1.5143059926666667
49740, 1.514210048
49770, 1.5141135663333334
49800, 1.5140165486666668
49830, 1.513918995
49860, 1.5138209056666667
49890, 1.5137222813333335
49920, 1.513623122
49950, 1.513523428
49980, 1.5134232003333334
50010, 1.5133224386666666
50040, 1.5132211436666667
50070, 1.5131193156666667
50100, 1.5130169549999999
50130, 1.5129140623333335
50160, 1.5128106376666668
50190, 1.5127066813333332
50220, 1.512602194
50250, 1.5124971759999999
50280, 1.5123916276666667
50310, 1.5122855493333334
50340, 1.5121789413333333
50370, 1.5120718043333332
50400, 1.5119641383333333
50430, 1.5118559443333333
50460, 1.511747222
50490, 1.5116379723333333
50520, 1.5115281953333333
50550, 1.5114178916666667
50580, 1.5113070613333333
50610, 1.5111957053333334
50640, 1.5110838236666666
50670, 1.510971417
50700, 1.5108584853333333
50730, 1.5107450293333333
50760, 1.5106310496666666
50790, 1.5105165463333332
50820, 1.51040152
50850, 1.5102859713333332
50880, 1.5101699
50910, 1.510053307
50940, 1.5099361926666666
50970, 1.5098185573333334
51000, 1.5097004016666666
51030, 1.5095817256666668
51060, 1.5094625303333333
51090, 1.5093428156666666
51120, 1.5092225823333334
51150, 1.5091018306666666
51180, 1.508980561
51210, 1.508858774
51240, 1.5087364699999999
51270, 1.5086136493333333
51300, 1.5084903126666667
51330, 1.5083664603333333
51360, 1.508242093
51390, 1.508117211
51420, 1.5079918146666667
51450, 1.5078659043333333
51480, 1.507739481
51510, 1.5076125446666666
51540, 1.507485096
51570, 1.5073571353333333
51600, 1.507228663
51630, 1.5070996799999998
51660, 1.5069701863333334
51690, 1.5068401826666666
51720, 1.5067096696666666
51750, 1.5065786473333334
51780, 1.5064471163333333
51810, 1.5063150773333334
51840, 1.5061825309999999
51870, 1.5060494773333333
51900, 1.5059159166666667
51930, 1.5057818503333333
51960, 1.5056472779999999
51990, 1.5055122006666666
52020, 1.5053766186666666
52050, 1.5052405326666667
52080, 1.505103943
52110, 1.50496685
52140, 1.5048292543333335
52170, 1.5046911563333334
52200, 1.504552557
52230, 1.5044134566666667
52260, 1.5042738553333332
52290, 1.504133754
52320, 1.5039931533333333
52350, 1.5038520533333333
52380, 1.503710455
52410, 1.5035683586666666
52440, 1.5034257646666667
52470, 1.5032826736666667
52500, 1.5031390863333334
52530, 1.5029950033333332
52560, 1.5028504246666667
52590, 1.502705351
52620, 1.5025597833333333
52650, 1.502413722
52680, 1.502267167
52710, 1.5021201196666667
52740, 1.50197258
52770, 1.501824549
52800, 1.5016760266666667
52830, 1.501527014
52860, 1.5013775113333332
52890, 1.5012275193333333
52920, 1.5010770386666668
52950, 1.5009260693333333
52980, 1.5007746126666668
53010, 1.5006226686666668
53040, 1.5004702380000001
53070, 1.5003173213333334
53100, 1.5001639193333334
53130, 1.5000100323333334
53160, 1.499855661
53190, 1.499700806
53220, 1.4995454676666669
53250, 1.4993896466666665
53280, 1.4992333439999999
53310, 1.4990765596666666
53340, 1.4989192946666667
53370, 1.4987615493333333
53400, 1.4986033239999998
53430, 1.49844462
53460, 1.4982854373333334
53490, 1.4981257766666667
53520, 1.4979656386666667
53550, 1.497805024
53580, 1.4976439333333333
53610, 1.4974823670000001
53640, 1.4973203259999999
53670, 1.4971578103333334
53700, 1.4969948210000001
53730, 1.4968313586666666
53760, 1.496667424
53790, 1.4965030173333334
53820, 1.4963381393333333
53850, 1.4961727906666666
53880, 1.496006972
53910, 1.4958406836666667
53940, 1.4956739266666668
53970, 1.4955067016666665
54000, 1.495339009
54030, 1.4951708493333333
54060, 1.4950022236666667
54090, 1.494833132
54120, 1.4946635753333333
54150, 1.4944935546666667
54180, 1.4943230696666667
54210, 1.494152122
54240, 1.4939807116666668
54270, 1.4938088393333333
54300, 1.4936365059999999
54330, 1.4934637119999998
54360, 1.493290458
54390, 1.493116745
54420, 1.4929425733333332
54450, 1.4927679436666665
54480, 1.4925928566666666
54510, 1.492417313
54540, 1.4922413133333332
54570, 1.4920648583333334
54600, 1.4918879489999999
54630, 1.4917105853333334
54660, 1.4915327683333333
54690, 1.491354499
54720, 1.4911757773333334
54750, 1.4909966043333334
54780, 1.490816981
54810, 1.4906369073333334
54840, 1.4904563846666667
54870, 1.4902754133333334
54900, 1.490093994
54930, 1.4899121276666667
54960, 1.4897298146666667
54990, 1.4895470556666668
55020, 1.4893638513333334
55050, 1.4891802029999999
55080, 1.4889961103333333
55110, 1.488811575
55140, 1.4886265969999999
55170, 1.4884411773333335
55200, 1.488255317
55230, 1.488069016
55260, 1.4878822756666668
55290, 1.4876950963333333
55320, 1.4875074786666667
55350, 1.4873194236666667
55380, 1.4871309320000001
55410, 1.4869420039999999
55440, 1.4867526409999998
55470, 1.4865628433333333
55500, 1.4863726116666667
55530, 1.4861819466666666
55560, 1.4859908496666667
55590, 1.4857993206666666
55620, 1.4856073606666667
55650, 1.4854149706666666
55680, 1.4852221506666667
55710, 1.4850289023333334
55740, 1.4848352256666668
55770, 1.484641122
55800, 1.4844465913333333
55830, 1.4842516350000001
55860, 1.4840562536666666
55890, 1.483860448
55920, 1.4836642186666666
55950, 1.4834675663333334
55980, 1.4832704920000002
56010, 1.4830729963333333
56040, 1.48287508
56070, 1.4826767436666666
56100, 1.4824779883333332
56130, 1.482278815
56160, 1.4820792236666667
56190, 1.4818792156666667
56220, 1.4816787916666667
56250, 1.4814779523333332
56280, 1.4812766986666666
56310, 1.4810750309999998
56340, 1.4808729506666667
56370, 1.480670458
56400, 1.4804675536666667
56430, 1.480264239
56460, 1.4800605143333334
56490, 1.4798563806666667
56520, 1.4796518386666666
56550, 1.4794468893333332
56580, 1.4792415333333333
56610, 1.479035771
56640, 1.4788296036666666
56670, 1.4786230323333334
56700, 1.478416057
56730, 1.4782086793333333
56760, 1.4780008993333333
56790, 1.4777927183333335
56820, 1.477584137
56850, 1.4773751563333335
56880, 1.4771657766666666
56910, 1.4769559989999999
56940, 1.4767458243333333
56970, 1.4765352533333334
57000, 1.4763242870000002
57030, 1.4761129256666667
57060, 1.4759011706666665
57090, 1.4756890226666666
57120, 1.4754764823333333
57150, 1.4752635506666667
57180, 1.4750502283333333
57210, 1.4748365163333335
57240, 1.4746224153333334
57270, 1.4744079263333334
57300, 1.47419305
57330, 1.4739777873333333
57360, 1.473762139
57390, 1.473546106
57420, 1.473329689
57450, 1.473112889
57480, 1.4728957066666666
57510, 1.4726781433333334
57540, 1.472460199
57570, 1.472241875
57600, 1.4720231723333332
57630, 1.4718040916666666
57660, 1.471584634
57690, 1.4713648
57720, 1.4711445903333333
57750, 1.4709240063333333
57780, 1.4707030486666668
57810, 1.4704817179999998
57840, 1.4702600153333334
57870, 1.4700379416666667
57900, 1.469815498
57930, 1.4695926846666667
57960, 1.469369503
57990, 1.4691459536666667
58020, 1.4689220373333334
58050, 1.4686977553333331
58080, 1.4684731086666667
58110, 1.4682480976666668
58140, 1.4680227233333332
58170, 1.4677969866666667
58200, 1.4675708886666665
58230, 1.46734443
58260, 1.467117612
58290, 1.466890435
58320, 1.4666629
58350, 1.466435008
58380, 1.4662067603333333
58410, 1.465978157
58440, 1.4657491996666667
58470, 1.465519889
58500, 1.4652902256666667
58530, 1.4650602106666666
58560, 1.4648298453333333
58590, 1.46459913
58620, 1.464368066
58650, 1.464136654
58680, 1.463904895
58710, 1.4636727896666666
58740, 1.4634403396666666
58770, 1.463207545
58800, 1.4629744073333333
58830, 1.462740927
58860, 1.4625071053333334
58890, 1.462272943
58920, 1.462038441
58950, 1.4618036006666668
58980, 1.4615684223333334
59010, 1.4613329069999998
59040, 1.461097056
59070, 1.46086087
59100, 1.4606243503333334
59130, 1.4603874973333335
59160, 1.4601503120000001
59190, 1.4599127956666667
59220, 1.4596749493333332
59250, 1.4594367736666667
59280, 1.4591982693333334
59310, 1.4589594380000002
59340, 1.4587202803333332
59370, 1.458480797
59400, 1.458240989
59430, 1.4580008576666668
59460, 1.457760404
59490, 1.4575196283333334
59520, 1.4572785323333333
59550, 1.4570371163333333
59580, 1.456795382
59610, 1.4565533296666666
59640, 1.4563109606666667
59670, 1.4560682759999999
59700, 1.4558252763333333
59730, 1.455581963
59760, 1.4553383366666666
59790, 1.4550943983333333
59820, 1.4548501493333332
59850, 1.4546055903333333
59880, 1.4543607226666666
59910, 1.4541155466666666
59940, 1.453870064
59970, 1.4536242753333333
60000, 1.4533781816666667
60030, 1.453131784
60060, 1.4528850833333333
60090, 1.4526380810000001
60120, 1.4523907773333333
60150, 1.452143174
60180, 1.4518952713333335
60210, 1.451647071
60240, 1.4513985736666666
60270, 1.4511497803333333
60300, 1.4509006923333334
60330, 1.45065131
60360, 1.450401635
60390, 1.4501516683333333
60420, 1.4499014103333334
60450, 1.449650863
60480, 1.4494000263333333
60510, 1.4491489020000001
60540, 1.4488974909999999
60570, 1.4486457943333335
60600, 1.4483938126666667
60630, 1.4481415476666666
60660, 1.4478889996666666
60690, 1.4476361703333334
60720, 1.44738306
60750, 1.4471296703333334
60780, 1.4468760023333334
60810, 1.4466220563333334
60840, 1.4463678343333333
60870, 1.4461133366666665
60900, 1.445858565
60930, 1.4456035196666666
60960, 1.445348202
60990, 1.4450926133333333
61020, 1.4448367546666665
61050, 1.4445806266666668
61080, 1.4443242306666666
61110, 1.4440675676666666
61140, 1.4438106386666667
61170, 1.4435534446666667
61200, 1.443295987
61230, 1.4430382666666666
61260, 1.4427802843333333
61290, 1.4425220416666666
61320, 1.4422635393333334
61350, 1.4420047783333332
61380, 1.44174576
61410, 1.4414864856666667
61440, 1.4412269556666666
61470, 1.4409671716666665
61500, 1.4407071343333335
61530, 1.4404468449999999
61560, 1.440186305
61590, 1.4399255146666667
61620, 1.439664476
61650, 1.4394031893333332
61680, 1.439141656
61710, 1.4388798773333333
61740, 1.4386178539999999
61770, 1.4383555876666667
61800, 1.4380930786666666
61830, 1.4378303286666667
61860, 1.4375673386666665
61890, 1.4373041096666668
61920, 1.4370406426666666
61950, 1.436776939
61980, 1.4365129996666668
62010, 1.436248826
62040, 1.4359844186666666
62070, 1.435719779
62100, 1.435454908
62130, 1.435189807
62160, 1.434924477
62190, 1.434658919
62220, 1.4343931343333334
62250, 1.434127124
62280, 1.433860889
62310, 1.4335944306666666
62340, 1.4333277500000001
62370, 1.4330608483333334
62400, 1.4327937263333335
62430, 1.4325263856666668
62460, 1.432258827
62490, 1.4319910519999999
62520, 1.431723061
62550, 1.431454856
62580, 1.4311864373333334
62610, 1.430917807
62640, 1.4306489653333332
62670, 1.430379914
62700, 1.4301106536666666
62730, 1.429841186
62760, 1.429571512
62790, 1.4293016326666665
62820, 1.429031549
62850, 1.4287612626666666
62880, 1.4284907743333333
62910, 1.428220085
62940, 1.4279491966666666
62970, 1.4276781096666666
63000, 1.4274068256666665
63030, 1.4271353453333333
63060, 1.4268636703333335
63090, 1.4265918013333334
63120, 1.42631974
63150, 1.426047487
63180, 1.4257750439999999
63210, 1.4255024116666668
63240, 1.4252295916666666
63270, 1.4249565846666667
63300, 1.4246833923333335
63330, 1.4244100156666666
63360, 1.4241364553333333
63390, 1.4238627133333335
63420, 1.4235887903333333
63450, 1.4233146876666665
63480, 1.4230404063333335
63510, 1.4227659480000001
63540, 1.4224913133333332
63570, 1.4222165033333334
63600, 1.42194152
63630, 1.421666364
63660, 1.4213910366666667
63690, 1.4211155386666667
63720, 1.420839872
63750, 1.4205640376666668
63780, 1.4202880363333334
63810, 1.4200118696666666
63840, 1.4197355386666666
63870, 1.419459045
63900, 1.419182389
63930, 1.4189055726666666
63960, 1.4186285966666667
63990, 1.4183514626666667
64020, 1.4180741713333334
64050, 1.4177967246666667
64080, 1.4175191230000002
64110, 1.417241368
64140, 1.4169634606666668
64170, 1.4166854023333335
64200, 1.4164071943333334
64230, 1.416128838
64260, 1.415850334
64290, 1.415571684
64320, 1.415292889
64350, 1.4150139506666668
64380, 1.4147348693333333
64410, 1.414455647
64440, 1.414176285
64470, 1.4138967836666665
64500, 1.413617145
64530, 1.41333737
64560, 1.41305746
64590, 1.4127774160000002
64620, 1.4124972393333333
64650, 1.4122169313333333
64680, 1.4119364933333332
64710, 1.4116559263333333
64740, 1.4113752313333332
64770, 1.4110944103333332
64800, 1.4108134636666667
64830, 1.4105323933333334
64860, 1.4102512003333334
64890, 1.4099698856666667
64920, 1.409688451
64950, 1.409406897
64980, 1.4091252253333333
65010, 1.4088434373333334
65040, 1.408561534
65070, 1.408279517
65100, 1.407997387
65130, 1.4077151453333332
65160, 1.4074327936666666
65190, 1.407150333
65220, 1.4068677646666665
65250, 1.40658509
65280, 1.40630231
65310, 1.406019426
65340, 1.4057364393333334
65370, 1.4054533516666667
65400, 1.4051701633333333
65430, 1.4048868766666667
65460, 1.404603492
65490, 1.4043200113333334
65520, 1.4040364353333334
65550, 1.4037527656666666
65580, 1.4034690036666666
65610, 1.4031851503333332
65640, 1.402901207
65670, 1.402617175
65700, 1.4023330556666667
65730, 1.4020488500000001
65760, 1.4017645600000002
65790, 1.401480186
65820, 1.40119573
65850, 1.4009111926666666
65880, 1.400626576
65910, 1.4003418806666668
65940, 1.4000571083333333
65970, 1.3997722603333334
66000, 1.3994873376666668
66030, 1.3992023416666668
66060, 1.3989172736666666
66090, 1.398632135
66120, 1.398346927
66150, 1.3980616510000001
66180, 1.3977763083333334
66210, 1.3974909
66240, 1.3972054276666666
66270, 1.3969198923333332
66300, 1.3966342953333335
66330, 1.3963486379999999
66360, 1.396062922
66390, 1.3957771479999999
66420, 1.395491318
66450, 1.3952054326666667
66480, 1.3949194936666667
66510, 1.3946335023333334
66540, 1.3943474596666667
66570, 1.3940613673333333
66600, 1.3937752266666668
66630, 1.3934890383333332
66660, 1.3932028046666667
66690, 1.3929165259999998
66720, 1.3926302043333334
66750, 1.3923438406666666
66780, 1.3920574363333333
66810, 1.391770993
66840, 1.3914845113333334
66870, 1.3911979933333334
66900, 1.3909114396666669
66930, 1.3906248523333333
66960, 1.390338232
66990, 1.3900515806666667
67020, 1.389764899
67050, 1.3894781889999999
67080, 1.3891914513333334
67110, 1.3889046876666666
67140, 1.3886178993333333
67170, 1.3883310876666668
67200, 1.388044254
67230, 1.3877573996666668
67260, 1.3874705256666666
67290, 1.3871836339999999
67320, 1.3868967253333333
67350, 1.3866098016666668
67380, 1.3863228636666667
67410, 1.386035913
67440, 1.385748951
67470, 1.385461979
67500, 1.3851749983333332
67530, 1.3848880106666666
67560, 1.3846010166666667
67590, 1.384314018
67620, 1.3840270163333332
67650, 1.3837400123333334
67680, 1.383453008
67710, 1.3831660046666667
67740, 1.382879003
67770, 1.382592005
67800, 1.3823050116666666
67830, 1.3820180246666667
67860, 1.381731045
67890, 1.3814440743333334
67920, 1.3811571139999999
67950, 1.3808701650000001
67980, 1.3805832290000002
68010, 1.3802963073333334
68040, 1.3800094013333335
68070, 1.3797225123333334
68100, 1.3794356416666667
68130, 1.3791487906666666
68160, 1.3788619606666666
68190, 1.3785751533333332
68220, 1.3782883696666666
68250, 1.3780016113333333
68280, 1.3777148793333334
68310, 1.3774281753333335
68340, 1.3771415006666667
68370, 1.3768548563333334
68400, 1.3765682443333334
68430, 1.3762816656666665
68460, 1.3759951213333332
68490, 1.3757086136666665
68520, 1.375422143
68550, 1.3751357113333333
68580, 1.3748493199999998
68610, 1.37456297
68640, 1.3742766633333334
68670, 1.3739904006666668
68700, 1.373704184
68730, 1.373418014
68760, 1.3731318926666667
68790, 1.3728458213333334
68820, 1.372559801
68850, 1.3722738333333333
68880, 1.3719879196666667
68910, 1.3717020613333333
68940, 1.3714162593333334
68970, 1.371130516
69000, 1.3708448316666666
69030, 1.3705592086666667
69060, 1.3702736476666666
69090, 1.3699881503333333
69120, 1.369702718
69150, 1.369417352
69180, 1.3691320536666667
69210, 1.3688468246666665
69240, 1.3685616663333333
69270, 1.3682765796666667
69300, 1.3679915663333335
69330, 1.3677066279999999
69360, 1.3674217653333334
69390, 1.3671369806666667
69420, 1.3668522743333333
69450, 1.3665676486666667
69480, 1.3662831043333332
69510, 1.3659986433333333
69540, 1.3657142666666668
69570, 1.3654299756666666
69600, 1.365145772
69630, 1.3648616569999998
69660, 1.364577632
69690, 1.3642936983333334
69720, 1.3640098573333332
69750, 1.3637261106666667
69780, 1.3634424596666668
69810, 1.3631589053333333
69840, 1.3628754496666666
69870, 1.3625920936666667
69900, 1.3623088386666666
69930, 1.3620256863333333
69960, 1.361742638
69990, 1.361459695
70020, 1.361176859
70050, 1.3608941306666666
70080, 1.360611512
70110, 1.3603290043333334
70140, 1.3600466093333334
70170, 1.3597643276666667
70200, 1.3594821613333334
70230, 1.3592001113333334
70260, 1.3589181793333334
70290, 1.358636367
70320, 1.3583546750000002
70350, 1.3580731053333335
70380, 1.3577916593333335
70410, 1.357510338
70440, 1.3572291433333334
70470, 1.3569480763333333
70500, 1.3566671383333335
70530, 1.356386331
70560, 1.3561056556666666
70590, 1.355825114
70620, 1.3555447066666666
70650, 1.3552644356666665
70680, 1.3549843023333334
70710, 1.3547043079999999
70740, 1.354424454
70770, 1.3541447416666665
70800, 1.353865173
70830, 1.3535857486666667
70860, 1.3533064703333333
70890, 1.3530273393333332
70920, 1.3527483573333332
70950, 1.3524695256666666
70980, 1.3521908453333333
71010, 1.3519123183333333
71040, 1.3516339456666666
71070, 1.351355729
71100, 1.3510776696666666
71130, 1.350799769
71160, 1.3505220283333332
71190, 1.3502444493333334
71220, 1.349967033
71250, 1.3496897813333335
71280, 1.3494126953333332
71310, 1.3491357763333334
71340, 1.3488590256666668
71370, 1.3485824453333333
71400, 1.3483060363333332
71430, 1.3480298
71460, 1.347753738
71490, 1.3474778513333334
71520, 1.347202142
71550, 1.346926611
71580, 1.3466512596666667
71610, 1.3463760896666666
71640, 1.3461011023333334
71670, 1.345826299
71700, 1.3455516813333332
71730, 1.3452772503333332
71760, 1.3450030076666668
71790, 1.3447289546666668
71820, 1.3444550926666665
71850, 1.3441814233333333
71880, 1.343907948
71910, 1.343634668
71940, 1.3433615846666667
71970, 1.3430886993333333
72000, 1.3428160136666667
72030, 1.342543529
72060, 1.3422712466666666
72090, 1.341999168
72120, 1.3417272946666665
72150, 1.3414556279999998
72180, 1.341184169
72210, 1.3409129196666667
72240, 1.3406418813333332
72270, 1.340371055
72300, 1.3401004423333334
72330, 1.3398300446666667
72360, 1.3395598633333332
72390, 1.3392898999999998
72420, 1.3390201560000001
72450, 1.3387506326666667
72480, 1.3384813313333332
72510, 1.3382122533333332
72540, 1.3379434006666668
72570, 1.337674774
72600, 1.3374063749999998
72630, 1.337138205
72660, 1.3368702656666667
72690, 1.3366025583333334
72720, 1.336335084
72750, 1.3360678446666667
72780, 1.3358008413333333
72810, 1.3355340756666667
72840, 1.3352675486666667
72870, 1.335001262
72900, 1.3347352173333333
72930, 1.3344694156666665
72960, 1.3342038586666667
72990, 1.3339385473333334
73020, 1.3336734833333332
73050, 1.3334086683333333
73080, 1.3331441033333333
73110, 1.33287979
73140, 1.3326157293333332
73170, 1.332351923
73200, 1.3320883726666666
73230, 1.3318250793333335
73260, 1.3315620443333334
73290, 1.3312992696666668
73320, 1.331036756
73350, 1.330774505
73380, 1.3305125183333335
73410, 1.330250797
73440, 1.3299893426666667
73470, 1.3297281566666665
73500, 1.3294672403333334
73530, 1.329206595
73560, 1.3289462220000001
73590, 1.328686123
73620, 1.3284262993333333
73650, 1.3281667523333334
73680, 1.3279074833333333
73710, 1.3276484936666668
73740, 1.3273897846666667
73770, 1.3271313580000001
73800, 1.326873215
73830, 1.326615357
73860, 1.3263577853333333
73890, 1.3261005013333333
73920, 1.3258435063333334
73950, 1.3255868020000001
73980, 1.3253303896666668
74010, 1.3250742706666667
74040, 1.3248184459999999
74070, 1.3245629176666667
74100, 1.3243076866666665
74130, 1.3240527543333334
74160, 1.3237981223333335
74190, 1.3235437920000002
74220, 1.3232897643333335
74250, 1.323036041
74280, 1.3227826236666667
74310, 1.3225295129999999
74340, 1.322276711
74370, 1.322024219
74400, 1.321772038
74430, 1.3215201696666665
74460, 1.321268615
74490, 1.3210173756666665
74520, 1.3207664533333332
74550, 1.320515849
74580, 1.3202655636666667
74610, 1.3200155996666667
74640, 1.3197659573333334
74670, 1.3195166386666668
74700, 1.319267645
74730, 1.3190189776666665
74760, 1.3187706376666666
74790, 1.3185226266666668
74820, 1.318274946
74850, 1.3180275973333333
74880, 1.3177805813333334
74910, 1.3175339
74940, 1.3172875543333333
74970, 1.3170415456666666
75000, 1.3167958753333333
75030, 1.3165505453333335
75060, 1.316305556
75090, 1.3160609096666667
75120, 1.3158166066666668
75150, 1.3155726493333333
75180, 1.3153290383333331
75210, 1.3150857756666667
75240, 1.314842862
75270, 1.314600299
75300, 1.3143580876666667
75330, 1.31411623
75360, 1.313874727
75390, 1.3136335796666667
75420, 1.31339279
75450, 1.313152359
75480, 1.3129122876666666
75510, 1.312672578
75540, 1.312433231
75570, 1.312194248
75600, 1.3119556303333333
75630, 1.3117173793333334
75660, 1.3114794963333334
75690, 1.3112419826666668
75720, 1.3110048396666667
75750, 1.3107680686666667
75780, 1.3105316710000001
75810, 1.3102956479999999
75840, 1.310060001
75870, 1.309824731
75900, 1.30958984
75930, 1.3093553286666668
75960, 1.309121199
75990, 1.3088874516666666
76020, 1.308654088
76050, 1.3084211096666667
76080, 1.3081885180000001
76110, 1.307956314
76140, 1.307724499
76170, 1.3074930746666666
76200, 1.307262042
76230, 1.3070314026666667
76260, 1.3068011573333334
76290, 1.3065713076666667
76320, 1.3063418553333335
76350, 1.3061128006666667
76380, 1.305884146
76410, 1.305655892
76440, 1.3054280403333334
76470, 1.305200592
76500, 1.3049735483333333
76530, 1.304746911
76560, 1.3045206806666665
76590, 1.304294859
76620, 1.3040694473333332
76650, 1.3038444466666665
76680, 1.3036198586666667
76710, 1.3033956843333332
76740, 1.303171925
76770, 1.302948582
76800, 1.3027256566666665
76830, 1.30250315
76860, 1.3022810636666668
76890, 1.3020593986666666
76920, 1.3018381563333332
76950, 1.301617338
76980, 1.3013969446666667
77010, 1.301176978
77040, 1.300957439
77070, 1.300738329
77100, 1.3005196493333333
77130, 1.300301401
77160, 1.3000835856666666
77190, 1.2998662043333333
77220, 1.299649258
77250, 1.2994327483333332
77280, 1.2992166766666668
77310, 1.299001044
77340, 1.2987858513333335
77370, 1.2985711006666667
77400, 1.2983567923333332
77430, 1.2981429279999999
77460, 1.2979295093333334
77490, 1.2977165366666668
77520, 1.297504012
77550, 1.2972919363333333
77580, 1.2970803106666666
77610, 1.2968691366666667
77640, 1.296658415
77670, 1.2964481473333334
77700, 1.2962383350000002
77730, 1.2960289786666666
77760, 1.29582008
77790, 1.2956116400000002
77820, 1.29540366
77850, 1.2951961413333335
77880, 1.294989085
77910, 1.2947824923333333
77940, 1.2945763643333332
77970, 1.2943707023333333
78000, 1.2941655076666667
78030, 1.2939607813333334
78060, 1.2937565246666667
78090, 1.293552739
78120, 1.2933494253333333
78150, 1.2931465846666665
78180, 1.2929442186666666
78210, 1.2927423279999999
78240, 1.2925409143333333
78270, 1.2923399783333334
78300, 1.292139522
78330, 1.2919395456666667
78360, 1.2917400510000001
78390, 1.2915410386666668
78420, 1.2913425106666665
78450, 1.2911444673333332
78480, 1.2909469106666667
78510, 1.290749841
78540, 1.29055326
78570, 1.2903571686666666
78600, 1.2901615683333334
78630, 1.28996646
78660, 1.2897718446666666
78690, 1.289577724
78720, 1.2893840986666667
78750, 1.2891909700000002
78780, 1.2889983390000002
78810, 1.2888062070000001
78840, 1.2886145753333333
78870, 1.2884234446666667
78900, 1.2882328163333334
78930, 1.2880426916666667
78960, 1.2878530716666667
78990, 1.2876639573333333
79020, 1.2874753496666667
79050, 1.2872872503333332
79080, 1.28709966
79110, 1.2869125799999999
79140, 1.2867260116666666
79170, 1.2865399553333334
79200, 1.286354413
79230, 1.2861693853333331
79260, 1.2859848733333332
79290, 1.2858008786666666
79320, 1.2856174016666666
79350, 1.285434444
79380, 1.2852520066666666
79410, 1.2850700906666668
79440, 1.284888697
79470, 1.284707827
79500, 1.2845274816666665
79530, 1.2843476619999998
79560, 1.2841683689999999
79590, 1.2839896043333334
79620, 1.2838113683333334
79650, 1.2836336623333333
79680, 1.2834564873333334
79710, 1.283279845
79740, 1.2831037356666668
79770, 1.2829281606666667
79800, 1.282753121
79830, 1.2825786179999998
79860, 1.2824046523333332
79890, 1.2822312253333332
79920, 1.2820583380000001
79950, 1.281885991
79980, 1.2817141859999999
80010, 1.281542924
80040, 1.2813722056666668
80070, 1.2812020320000002
80100, 1.2810324043333332
80130, 1.2808633236666667
80160, 1.280694791
80190, 1.280526807
80220, 1.2803593733333332
80250, 1.2801924906666666
80280, 1.28002616
80310, 1.2798603826666666
80340, 1.279695159
80370, 1.2795304906666667
80400, 1.2793663783333333
80430, 1.2792028233333335
80460, 1.2790398263333334
80490, 1.2788773883333333
80520, 1.2787155106666668
80550, 1.278554194
80580, 1.2783934396666667
80610, 1.278233248
80640, 1.2780736206666667
80670, 1.2779145583333333
80700, 1.2777560623333333
80730, 1.277598133
80760, 1.277440772
80790, 1.2772839796666666
80820, 1.2771277573333333
80850, 1.2769721059999999
80880, 1.2768170263333334
80910, 1.2766625196666666
80940, 1.276508587
80970, 1.2763552286666666
81000, 1.2762024463333332
81030, 1.2760502403333334
81060, 1.2758986123333333
81090, 1.2757475626666668
81120, 1.2755970923333333
81150, 1.2754472023333334
81180, 1.2752978940000002
81210, 1.2751491676666666
81240, 1.2750010246666665
81270, 1.2748534656666668
81300, 1.2747064916666666
81330, 1.2745601036666667
81360, 1.2744143023333334
81390, 1.274269089
81420, 1.2741244643333334
81450, 1.2739804293333334
81480, 1.2738369846666666
81510, 1.2736941313333334
81540, 1.2735518703333333
81570, 1.2734102023333334
81600, 1.2732691286666666
81630, 1.2731286496666667
81660, 1.2729887666666666
81690, 1.2728494803333332
81720, 1.2727107913333333
81750, 1.272572701
81780, 1.27243521
81810, 1.2722983193333333
81840, 1.2721620293333333
81870, 1.2720263413333335
81900, 1.2718912563333333
81930, 1.2717567746666667
81960, 1.2716228976666668
81990, 1.2714896256666668
82020, 1.2713569599999999
82050, 1.2712249013333332
82080, 1.2710934503333333
82110, 1.270962608
82140, 1.2708323753333335
82170, 1.2707027526666665
82200, 1.2705737413333333
82230, 1.270445342
82260, 1.2703175553333332
82290, 1.2701903823333331
82320, 1.2700638233333332
82350, 1.26993788
82380, 1.2698125523333332
82410, 1.2696878413333332
82440, 1.2695637483333333
82470, 1.2694402733333334
82500, 1.2693174176666666
82530, 1.2691951816666667
82560, 1.2690735666666666
82590, 1.268952573
82620, 1.2688322016666667
82650, 1.2687124533333332
82680, 1.268593329
82710, 1.268474829
82740, 1.2683569543333335
82770, 1.268239706
82800, 1.2681230843333333
82830, 1.26800709
82860, 1.2678917243333334
82890, 1.2677769876666667
82920, 1.2676628806666668
82950, 1.2675494043333333
82980, 1.2674365589999999
83010, 1.2673243459999999
83040, 1.2672127656666667
83070, 1.2671018186666667
83100, 1.2669915056666665
83130, 1.2668818276666667
83160, 1.2667727853333333
83190, 1.2666643793333334
83220, 1.2665566103333334
83250, 1.266449479
83280, 1.2663429856666666
83310, 1.2662371316666667
83340, 1.2661319176666668
83370, 1.2660273436666667
83400, 1.265923411
83430, 1.2658201203333335
83460, 1.265717472
83490, 1.2656154666666668
83520, 1.265514105
83550, 1.265413388
83580, 1.2653133163333332
83610, 1.26521389
83640, 1.2651151103333333
83670, 1.2650169776666667
83700, 1.2649194926666667
83730, 1.264822656
83760, 1.2647264686666666
83790, 1.2646309306666665
83820, 1.2645360426666667
83850, 1.2644418056666666
83880, 1.2643482203333334
83910, 1.2642552870000001
83940, 1.2641630063333333
83970, 1.264071379
84000, 1.2639804056666668
84030, 1.263890087
84060, 1.263800423
84090, 1.2637114150000002
84120, 1.2636230633333334
84150, 1.2635353683333335
84180, 1.263448331
84210, 1.2633619516666665
84240, 1.2632762306666667
84270, 1.2631911693333333
84300, 1.2631067673333332
84330, 1.2630230256666666
84360, 1.2629399449999998
84390, 1.2628575260000001
84420, 1.2627757686666667
84450, 1.2626946736666667
84480, 1.2626142420000002
84510, 1.262534474
84540, 1.2624553699999999
84570, 1.2623769306666666
84600, 1.2622991563333334
84630, 1.2622220480000002
84660, 1.2621456056666667
84690, 1.2620698300000002
84720, 1.2619947216666667
84750, 1.2619202813333332
84780, 1.2618465090000002
84810, 1.2617734053333332
84840, 1.261700971
84870, 1.2616292066666666
84900, 1.2615581123333333
84930, 1.2614876886666666
84960, 1.261417936
84990, 1.2613488553333332
85020, 1.2612804466666667
85050, 1.2612127103333335
85080, 1.2611456473333333
85110, 1.2610792576666667
85140, 1.2610135423333333
85170, 1.260948501
85200, 1.2608841346666666
85230, 1.2608204436666666
85260, 1.2607574283333334
85290, 1.260695089
85320, 1.2606334266666666
85350, 1.2605724409999999
85380, 1.260512133
85410, 1.2604525026666666
85440, 1.2603935506666668
85470, 1.2603352773333334
85500, 1.260277683
85530, 1.2602207683333333
85560, 1.2601645333333333
85590, 1.260108979
85620, 1.260054105
85650, 1.259999912
85680, 1.2599464006666667
85710, 1.2598935706666667
85740, 1.2598414233333335
85770, 1.2597899583333334
85800, 1.2597391763333334
85830, 1.2596890773333334
85860, 1.259639662
85890, 1.2595909306666666
85920, 1.2595428836666667
85950, 1.2594955213333332
85980, 1.259448844
86010, 1.259402852
86040, 1.2593575456666668
86070, 1.2593129253333333
86100, 1.2592689913333333
86130, 1.2592257436666667
86160, 1.259183183
86190, 1.2591413096666666
86220, 1.2591001240000002
86250, 1.259059626
86280, 1.259019816
86310, 1.2589806946666666
86340, 1.258942262
86370, 1.258904518
86400, 1.2588674636666668
