# Name : TDRS7
# Contents : BW, DELAY
0, 1.4065202646666666
30, 1.406257743
60, 1.405995011
90, 1.40573207
120, 1.4054689206666666
150, 1.4052055643333334
180, 1.4049420023333334
210, 1.4046782353333334
240, 1.4044142646666666
270, 1.4041500916666667
300, 1.4038857169999999
330, 1.403621142
360, 1.403356368
390, 1.4030913956666666
420, 1.4028262266666667
450, 1.4025608616666667
480, 1.4022953016666666
510, 1.4020295483333334
540, 1.4017636026666667
570, 1.4014974653333332
600, 1.4012311376666666
630, 1.4009646213333333
660, 1.4006979166666667
690, 1.4004310253333334
720, 1.4001639483333332
750, 1.3998966866666667
780, 1.3996292416666667
810, 1.3993616143333334
840, 1.3990938056666666
870, 1.3988258173333334
900, 1.3985576496666665
930, 1.3982893046666667
960, 1.398020783
990, 1.397752086
1020, 1.3974832143333333
1050, 1.39721417
1080, 1.3969449533333334
1110, 1.3966755659999999
1140, 1.396406009
1170, 1.3961362836666666
1200, 1.3958663906666668
1230, 1.3955963316666666
1260, 1.3953261073333334
1290, 1.3950557193333333
1320, 1.3947851686666668
1350, 1.3945144563333334
1380, 1.3942435836666667
1410, 1.393972552
1440, 1.393701362
1470, 1.3934300153333332
1500, 1.3931585126666666
1530, 1.3928868556666667
1560, 1.3926150453333332
1590, 1.3923430829999999
1620, 1.3920709693333333
1650, 1.391798706
1680, 1.391526294
1710, 1.3912537346666667
1740, 1.390981029
1770, 1.390708178
1800, 1.3904351833333333
1830, 1.390162046
1860, 1.389888767
1890, 1.3896153476666666
1920, 1.3893417893333333
1950, 1.3890680930000001
1980, 1.38879426
2010, 1.3885202913333334
2040, 1.3882461879999999
2070, 1.387971952
2100, 1.3876975836666667
2130, 1.387423085
2160, 1.3871484563333334
2190, 1.3868736996666666
2220, 1.3865988156666667
2250, 1.3863238056666667
2280, 1.386048671
2310, 1.3857734126666668
2340, 1.3854980323333335
2370, 1.3852225306666666
2400, 1.3849469093333333
2430, 1.384671169
2460, 1.3843953116666667
2490, 1.3841193376666667
2520, 1.383843249
2550, 1.3835670463333334
2580, 1.383290731
2610, 1.3830143043333332
2640, 1.3827377676666666
2670, 1.382461122
2700, 1.3821843686666668
2730, 1.3819075090000001
2760, 1.381630544
2790, 1.3813534749999998
2820, 1.3810763033333333
2850, 1.3807990303333333
2880, 1.3805216566666665
2910, 1.3802441840000002
2940, 1.3799666136666666
2970, 1.3796889466666666
3000, 1.3794111846666666
3030, 1.379133328
3060, 1.378855379
3090, 1.3785773380000002
3120, 1.378299207
3150, 1.3780209866666666
3180, 1.3777426783333333
3210, 1.3774642833333333
3240, 1.3771858033333333
3270, 1.3769072390000001
3300, 1.3766285916666667
3330, 1.3763498630000002
3360, 1.3760710536666667
3390, 1.3757921653333334
3420, 1.3755131993333334
3450, 1.3752341566666666
3480, 1.3749550386666667
3510, 1.3746758463333333
3540, 1.3743965813333334
3570, 1.3741172449999999
3600, 1.373837838
3630, 1.3735583623333334
3660, 1.3732788186666667
3690, 1.3729992086666667
3720, 1.3727195333333333
3750, 1.3724397943333333
3780, 1.3721599923333334
3810, 1.371880129
3840, 1.3716002056666667
3870, 1.3713202233333333
3900, 1.3710401836666666
3930, 1.3707600873333334
3960, 1.3704799363333333
3990, 1.3701997313333334
4020, 1.369919474
4050, 1.3696391653333333
4080, 1.369358807
4110, 1.3690784
4140, 1.3687979456666668
4170, 1.368517445
4200, 1.3682369
4230, 1.3679563113333333
4260, 1.3676756803333332
4290, 1.3673950086666666
4320, 1.3671142973333332
4350, 1.3668335476666666
4380, 1.366552761
4410, 1.3662719386666666
4440, 1.3659910816666667
4470, 1.3657101916666667
4500, 1.3654292700000001
4530, 1.3651483176666668
4560, 1.3648673363333332
4590, 1.3645863266666667
4620, 1.3643052906666666
4650, 1.3640242293333333
4680, 1.3637431439999999
4710, 1.3634620356666667
4740, 1.363180906
4770, 1.3628997563333334
4800, 1.3626185880000001
4830, 1.362337402
4860, 1.3620562
4890, 1.3617749829999999
4920, 1.3614937523333333
4950, 1.3612125096666667
4980, 1.3609312560000002
5010, 1.3606499926666666
5040, 1.360368721
5070, 1.3600874423333333
5100, 1.3598061583333332
5130, 1.3595248696666666
5160, 1.359243578
5190, 1.3589622846666667
5220, 1.358680991
5250, 1.3583996983333333
5280, 1.3581184076666668
5310, 1.357837121
5340, 1.357555839
5370, 1.357274563
5400, 1.3569932949999999
5430, 1.3567120356666666
5460, 1.3564307866666665
5490, 1.3561495493333333
5520, 1.3558683246666667
5550, 1.3555871143333333
5580, 1.3553059193333334
5610, 1.3550247413333332
5640, 1.3547435816666666
5670, 1.3544624413333333
5700, 1.3541813223333332
5730, 1.353900225
5760, 1.3536191516666667
5790, 1.353338103
5820, 1.3530570806666666
5850, 1.352776086
5880, 1.3524951200000002
5910, 1.3522141843333333
5940, 1.3519332803333333
5970, 1.3516524093333333
6000, 1.3513715726666666
6030, 1.3510907716666667
6060, 1.3508100073333333
6090, 1.3505292816666667
6120, 1.3502485956666668
6150, 1.3499679506666666
6180, 1.3496873476666666
6210, 1.3494067886666667
6240, 1.349126275
6270, 1.3488458073333334
6300, 1.3485653876666666
6330, 1.348285017
6360, 1.348004697
6390, 1.3477244286666668
6420, 1.3474442136666667
6450, 1.3471640533333333
6480, 1.3468839486666666
6510, 1.3466039013333333
6540, 1.3463239126666666
6570, 1.3460439836666667
6600, 1.3457641163333334
6630, 1.3454843116666668
6660, 1.345204571
6690, 1.3449248956666668
6720, 1.3446452873333334
6750, 1.3443657469999999
6780, 1.344086276
6810, 1.3438068760000002
6840, 1.3435275483333333
6870, 1.3432482940000001
6900, 1.342969115
6930, 1.342690012
6960, 1.3424109869999998
6990, 1.3421320406666666
7020, 1.341853175
7050, 1.3415743913333333
7080, 1.3412956903333333
7110, 1.3410170743333334
7140, 1.340738544
7170, 1.340460101
7200, 1.3401817466666666
7230, 1.3399034823333333
7260, 1.3396253093333332
7290, 1.339347229
7320, 1.339069243
7350, 1.3387913523333332
7380, 1.3385135586666668
7410, 1.3382358633333333
7440, 1.3379582676666666
7470, 1.337680773
7500, 1.3374033803333332
7530, 1.337126092
7560, 1.3368489083333333
7590, 1.3365718313333335
7620, 1.3362948623333335
7650, 1.3360180026666666
7680, 1.3357412533333333
7710, 1.3354646163333332
7740, 1.3351880926666666
7770, 1.3349116836666668
7800, 1.334635391
7830, 1.334359216
7860, 1.3340831596666667
7890, 1.333807224
7920, 1.3335314096666666
7950, 1.3332557186666667
7980, 1.332980152
8010, 1.332704711
8040, 1.3324293976666666
8070, 1.3321542126666668
8100, 1.3318791576666666
8130, 1.3316042343333332
8160, 1.3313294436666667
8190, 1.331054787
8220, 1.330780266
8250, 1.330505882
8280, 1.3302316360000002
8310, 1.3299575300000002
8340, 1.3296835649999998
8370, 1.3294097426666667
8400, 1.329136064
8430, 1.3288625306666666
8460, 1.3285891440000002
8490, 1.3283159053333333
8520, 1.328042816
8550, 1.3277698776666667
8580, 1.3274970913333333
8610, 1.3272244586666668
8640, 1.3269519813333333
8670, 1.32667966
8700, 1.3264074963333334
8730, 1.3261354920000001
8760, 1.3258636483333333
8790, 1.3255919663333333
8820, 1.325320448
8850, 1.3250490943333333
8880, 1.3247779063333334
8910, 1.3245068863333334
8940, 1.324236035
8970, 1.323965354
9000, 1.3236948446666668
9030, 1.3234245083333334
9060, 1.3231543466666666
9090, 1.3228843606666667
9120, 1.322614552
9150, 1.322344922
9180, 1.3220754719999999
9210, 1.3218062033333333
9240, 1.3215371176666668
9270, 1.321268216
9300, 1.3209994999999999
9330, 1.320730971
9360, 1.3204626303333333
9390, 1.3201944796666667
9420, 1.31992652
9450, 1.319658753
9480, 1.31939118
9510, 1.319123802
9540, 1.318856621
9570, 1.3185896383333333
9600, 1.318322855
9630, 1.3180562726666665
9660, 1.3177898923333333
9690, 1.317523716
9720, 1.3172577446666667
9750, 1.3169919799999998
9780, 1.316726423
9810, 1.3164610756666668
9840, 1.3161959386666666
9870, 1.3159310136666666
9900, 1.3156663023333333
9930, 1.3154018056666668
9960, 1.3151375256666666
9990, 1.3148734629999999
10020, 1.3146096193333332
10050, 1.314345996
10080, 1.3140825946666668
10110, 1.3138194163333334
10140, 1.3135564626666667
10170, 1.313293735
10200, 1.3130312346666668
10230, 1.3127689633333335
10260, 1.3125069219999999
10290, 1.312245112
10320, 1.311983535
10350, 1.3117221926666667
10380, 1.3114610856666666
10410, 1.311200216
10440, 1.3109395846666667
10470, 1.3106791933333333
10500, 1.3104190433333334
10530, 1.3101591356666666
10560, 1.3098994723333333
10590, 1.3096400543333333
10620, 1.309380883
10650, 1.30912196
10680, 1.3088632866666665
10710, 1.3086048643333332
10740, 1.3083466943333333
10770, 1.308088778
10800, 1.3078311166666667
10830, 1.307573712
10860, 1.3073165653333334
10890, 1.3070596776666668
10920, 1.306803051
10950, 1.3065466863333333
10980, 1.306290585
11010, 1.3060347483333334
11040, 1.3057791779999999
11070, 1.3055238753333334
11100, 1.3052688413333333
11130, 1.3050140780000001
11160, 1.3047595863333332
11190, 1.3045053676666667
11220, 1.3042514233333333
11250, 1.3039977550000001
11280, 1.3037443640000002
11310, 1.3034912516666668
11340, 1.303238419
11370, 1.3029858680000002
11400, 1.3027335996666667
11430, 1.3024816153333334
11460, 1.3022299166666667
11490, 1.3019785046666668
11520, 1.301727381
11550, 1.3014765466666667
11580, 1.3012260036666665
11610, 1.3009757530000001
11640, 1.300725796
11670, 1.300476134
11700, 1.3002267683333333
11730, 1.2999777006666666
11760, 1.2997289323333332
11790, 1.2994804643333333
11820, 1.2992322983333333
11850, 1.2989844356666667
11880, 1.298736878
11910, 1.298489626
11940, 1.2982426813333334
11970, 1.2979960453333332
12000, 1.2977497196666667
12030, 1.2975037056666667
12060, 1.2972580043333335
12090, 1.297012617
12120, 1.2967675453333334
12150, 1.2965227906666668
12180, 1.2962783543333334
12210, 1.2960342376666667
12240, 1.295790442
12270, 1.2955469683333334
12300, 1.2953038186666666
12330, 1.295060994
12360, 1.294818496
12390, 1.2945763253333333
12420, 1.294334484
12450, 1.294092973
12480, 1.293851794
12510, 1.293610948
12540, 1.2933704366666667
12570, 1.293130261
12600, 1.2928904226666666
12630, 1.292650923
12660, 1.2924117629999998
12690, 1.2921729443333332
12720, 1.2919344683333334
12750, 1.291696336
12780, 1.291458549
12810, 1.2912211086666667
12840, 1.2909840163333333
12870, 1.2907472733333332
12900, 1.2905108806666665
12930, 1.2902748403333333
12960, 1.290039153
12990, 1.2898038203333333
13020, 1.2895688433333332
13050, 1.289334224
13080, 1.289099963
13110, 1.288866062
13140, 1.2886325223333335
13170, 1.2883993453333333
13200, 1.288166532
13230, 1.2879340843333333
13260, 1.2877020026666668
13290, 1.2874702893333334
13320, 1.287238945
13350, 1.287007971
13380, 1.286777369
13410, 1.2865471403333333
13440, 1.2863172859999998
13470, 1.2860878073333333
13500, 1.2858587056666666
13530, 1.2856299826666666
13560, 1.2854016393333334
13590, 1.285173677
13620, 1.284946097
13650, 1.2847189006666666
13680, 1.2844920893333334
13710, 1.2842656639999999
13740, 1.2840396263333334
13770, 1.2838139776666666
13800, 1.2835887190000002
13830, 1.2833638516666666
13860, 1.2831393773333333
13890, 1.282915297
13920, 1.282691612
13950, 1.2824683236666665
13980, 1.2822454333333333
14010, 1.282022942
14040, 1.2818008513333334
14070, 1.2815791623333332
14100, 1.2813578763333333
14130, 1.281136995
14160, 1.280916519
14190, 1.2806964503333333
14220, 1.2804767896666667
14250, 1.2802575383333334
14280, 1.280038698
14310, 1.2798202693333334
14340, 1.2796022543333334
14370, 1.279384654
14400, 1.2791674693333335
14430, 1.2789507016666666
14460, 1.2787343526666666
14490, 1.2785184233333333
14520, 1.2783029146666667
14550, 1.2780878283333335
14580, 1.2778731656666666
14610, 1.2776589273333334
14640, 1.2774451153333333
14670, 1.2772317303333331
14700, 1.277018774
14730, 1.2768062473333335
14760, 1.2765941516666668
14790, 1.276382488
14820, 1.276171258
14850, 1.2759604626666667
14880, 1.2757501036666667
14910, 1.2755401816666667
14940, 1.2753306979999999
14970, 1.2751216539999999
15000, 1.2749130513333333
15030, 1.2747048903333333
15060, 1.274497173
15090, 1.2742899003333332
15120, 1.2740830736666668
15150, 1.273876694
15180, 1.2736707626666666
15210, 1.2734652806666666
15240, 1.2732602496666667
15270, 1.2730556706666667
15300, 1.272851545
15330, 1.2726478736666667
15360, 1.272444658
15390, 1.2722418993333333
15420, 1.2720395986666666
15450, 1.271837757
15480, 1.2716363763333334
15510, 1.271435457
15540, 1.2712350006666666
15570, 1.2710350086666666
15600, 1.2708354816666667
15630, 1.2706364213333334
15660, 1.2704378286666667
15690, 1.270239705
15720, 1.2700420513333333
15750, 1.269844869
15780, 1.2696481593333333
15810, 1.2694519229999999
15840, 1.2692561616666667
15870, 1.2690608766666667
15900, 1.2688660683333333
15930, 1.2686717386666666
15960, 1.2684778886666668
15990, 1.2682845193333334
16020, 1.2680916316666668
16050, 1.2678992273333334
16080, 1.2677073073333334
16110, 1.2675158726666667
16140, 1.2673249246666667
16170, 1.267134464
16200, 1.2669444926666666
16230, 1.2667550113333332
16260, 1.266566021
16290, 1.2663775229999998
16320, 1.2661895186666667
16350, 1.266002009
16380, 1.2658149953333333
16410, 1.2656284783333334
16440, 1.2654424593333333
16470, 1.26525694
16500, 1.2650719206666667
16530, 1.2648874030000001
16560, 1.2647033876666667
16590, 1.2645198763333332
16620, 1.26433687
16650, 1.2641543696666666
16680, 1.2639723763333333
16710, 1.263790891
16740, 1.2636099153333333
16770, 1.2634294503333334
16800, 1.2632494966666665
16830, 1.2630700556666665
16860, 1.2628911286666666
16890, 1.2627127166666667
16920, 1.2625348203333333
16950, 1.2623574413333332
16980, 1.2621805806666666
17010, 1.2620042393333333
17040, 1.2618284183333333
17070, 1.2616531186666669
17100, 1.261478342
17130, 1.2613040886666667
17160, 1.2611303603333335
17190, 1.2609571576666667
17220, 1.260784482
17250, 1.2606123343333335
17280, 1.2604407156666666
17310, 1.260269627
17340, 1.26009907
17370, 1.259929045
17400, 1.2597595533333332
17430, 1.259590596
17460, 1.2594221743333334
17490, 1.259254289
17520, 1.2590869413333334
17550, 1.258920132
17580, 1.2587538626666666
17610, 1.258588134
17640, 1.2584229470000001
17670, 1.2582583026666667
17700, 1.2580942023333332
17730, 1.2579306466666667
17760, 1.2577676373333333
17790, 1.2576051743333332
17820, 1.2574432596666667
17850, 1.257281894
17880, 1.257121078
17910, 1.256960813
17940, 1.2568011003333335
17970, 1.2566419406666667
18000, 1.2564833346666668
18030, 1.2563252839999999
18060, 1.2561677893333334
18090, 1.2560108516666668
18120, 1.255854472
18150, 1.2556986513333332
18180, 1.2555433906666666
18210, 1.2553886913333332
18240, 1.2552345536666667
18270, 1.255080979
18300, 1.2549279683333332
18330, 1.2547755226666666
18360, 1.254623643
18390, 1.25447233
18420, 1.254321585
18450, 1.2541714086666667
18480, 1.2540218023333334
18510, 1.2538727666666667
18540, 1.2537243026666667
18570, 1.2535764113333334
18600, 1.2534290933333334
18630, 1.2532823503333335
18660, 1.2531361823333333
18690, 1.2529905909999999
18720, 1.252845577
18750, 1.2527011413333333
18780, 1.252557285
18810, 1.2524140086666666
18840, 1.2522713136666666
18870, 1.2521292003333333
18900, 1.2519876699999999
18930, 1.2518467236666666
18960, 1.2517063620000002
18990, 1.251566586
19020, 1.2514273966666667
19050, 1.2512887946666666
19080, 1.251150781
19110, 1.251013357
19140, 1.2508765226666667
19170, 1.2507402796666667
19200, 1.2506046286666668
19230, 1.2504695703333333
19260, 1.250335106
19290, 1.2502012359999999
19320, 1.2500679613333334
19350, 1.2499352833333335
19380, 1.2498032023333334
19410, 1.2496717196666667
19440, 1.2495408356666666
19470, 1.2494105516666667
19500, 1.249280868
19530, 1.249151786
19560, 1.2490233066666667
19590, 1.2488954303333335
19620, 1.2487681576666667
19650, 1.2486414903333334
19680, 1.2485154286666666
19710, 1.2483899733333335
19740, 1.2482651256666666
19770, 1.248140886
19800, 1.2480172553333333
19830, 1.2478942346666666
19860, 1.2477718243333333
19890, 1.2476500256666667
19920, 1.2475288393333333
19950, 1.2474082659999999
19980, 1.2472883066666667
20010, 1.247168962
20040, 1.2470502326666666
20070, 1.24693212
20100, 1.246814624
20130, 1.246697746
20160, 1.2465814863333333
20190, 1.2464658463333333
20220, 1.2463508266666667
20250, 1.2462364276666669
20280, 1.2461226503333334
20310, 1.2460094956666665
20340, 1.245896964
20370, 1.2457850566666666
20400, 1.2456737736666665
20430, 1.2455631163333334
20460, 1.2454530853333334
20490, 1.2453436813333334
20520, 1.245234905
20550, 1.245126757
20580, 1.2450192383333332
20610, 1.2449123493333334
20640, 1.2448060913333334
20670, 1.2447004643333333
20700, 1.2445954696666666
20730, 1.2444911076666667
20760, 1.2443873793333333
20790, 1.244284285
20820, 1.2441818256666666
20850, 1.2440800016666667
20880, 1.2439788143333332
20910, 1.2438782636666668
20940, 1.243778351
20970, 1.2436790763333334
21000, 1.243580441
21030, 1.2434824453333333
21060, 1.2433850896666667
21090, 1.2432883756666668
21120, 1.243192303
21150, 1.2430968726666667
21180, 1.2430020856666666
21210, 1.242907942
21240, 1.2428144429999999
21270, 1.2427215886666667
21300, 1.2426293803333335
21330, 1.242537818
21360, 1.2424469026666667
21390, 1.2423566350000002
21420, 1.2422670153333335
21450, 1.2421780443333335
21480, 1.242089723
21510, 1.2420020513333334
21540, 1.2419150306666666
21570, 1.241828661
21600, 1.2417429433333333
21630, 1.2416578779999998
21660, 1.2415734656666668
21690, 1.2414897073333333
21720, 1.2414066026666668
21750, 1.2413241533333332
21780, 1.2412423590000001
21810, 1.241161221
21840, 1.241080739
21870, 1.2410009146666667
21900, 1.2409217476666667
21930, 1.240843239
21960, 1.240765389
21990, 1.2406881986666667
22020, 1.2406116680000001
22050, 1.2405357976666667
22080, 1.2404605886666666
22110, 1.240386041
22140, 1.2403121553333332
22170, 1.2402389323333332
22200, 1.2401663723333334
22230, 1.240094476
22260, 1.240023244
22290, 1.2399526763333333
22320, 1.239882774
22350, 1.2398135373333332
22380, 1.239744967
22410, 1.2396770633333334
22440, 1.2396098266666666
22470, 1.2395432576666667
22500, 1.239477357
22530, 1.2394121246666667
22560, 1.2393475616666667
22590, 1.2392836683333333
22620, 1.239220445
22650, 1.239157892
22680, 1.2390960100000001
22710, 1.2390347996666666
22740, 1.238974261
22770, 1.2389143946666665
22800, 1.2388552013333334
22830, 1.238796681
22860, 1.2387388346666666
22890, 1.238681662
22920, 1.2386251640000001
22950, 1.238569341
22980, 1.2385141933333332
23010, 1.2384597216666666
23040, 1.238405926
23070, 1.238352807
23100, 1.238300365
23130, 1.2382486003333335
23160, 1.2381975133333334
23190, 1.2381471046666668
23220, 1.2380973746666668
23250, 1.2380483236666666
23280, 1.237999952
23310, 1.2379522600000001
23340, 1.237905248
23370, 1.2378589166666667
23400, 1.2378132659999999
23430, 1.2377682963333334
23460, 1.2377240086666668
23490, 1.2376804023333334
23520, 1.2376374786666666
23550, 1.2375952373333334
23580, 1.237553679
23610, 1.237512804
23640, 1.2374726123333335
23670, 1.2374331046666667
23700, 1.2373942813333334
23730, 1.2373561423333332
23760, 1.2373186883333334
23790, 1.2372819196666667
23820, 1.237245836
23850, 1.2372104383333333
23880, 1.2371757266666668
23910, 1.2371417013333335
23940, 1.2371083626666668
23970, 1.237075711
24000, 1.2370437463333332
24030, 1.2370124693333335
24060, 1.2369818796666667
24090, 1.2369519783333334
24120, 1.2369227653333332
24150, 1.2368942406666668
24180, 1.2368664046666666
24210, 1.2368392576666667
24240, 1.2368128
24270, 1.236787032
24300, 1.2367619536666667
24330, 1.2367375649999999
24360, 1.2367138666666666
24390, 1.236690859
24420, 1.2366685416666667
24450, 1.2366469153333333
24480, 1.23662598
24510, 1.236605736
24540, 1.2365861833333334
24570, 1.2365673223333333
24600, 1.236549153
24630, 1.236531676
24660, 1.2365148910000001
24690, 1.2364987986666667
24720, 1.2364833986666666
24750, 1.2364686916666665
24780, 1.2364546773333334
24810, 1.236441356
24840, 1.236428728
24870, 1.2364167933333334
24900, 1.2364055523333333
24930, 1.236395005
24960, 1.2363851513333333
24990, 1.2363759916666666
25020, 1.2363675263333334
25050, 1.236359755
25080, 1.2363526779999998
25110, 1.2363462953333333
25140, 1.2363406073333332
25170, 1.2363356140000001
25200, 1.2363313156666667
25230, 1.236327712
25260, 1.2363248033333334
25290, 1.2363225896666667
25320, 1.2363210713333335
25350, 1.236320248
25380, 1.2363201203333334
25410, 1.2363206876666668
25440, 1.2363219506666665
25470, 1.2363239093333334
25500, 1.2363265636666667
25530, 1.2363299133333332
25560, 1.236333959
25590, 1.2363387
25620, 1.2363441373333333
25650, 1.2363502703333333
25680, 1.236357099
25710, 1.2363646236666666
25740, 1.2363728443333335
25770, 1.236381761
25800, 1.2363913736666667
25830, 1.2364016823333333
25860, 1.236412687
25890, 1.2364243876666667
25920, 1.2364367843333333
25950, 1.236449877
25980, 1.2364636656666668
26010, 1.2364781503333333
26040, 1.2364933306666668
26070, 1.2365092073333332
26100, 1.23652578
26130, 1.2365430483333333
26160, 1.2365610126666666
26190, 1.2365796726666667
26220, 1.2365990286666666
26250, 1.2366190803333332
26280, 1.2366398276666666
26310, 1.2366612706666666
26340, 1.2366834093333332
26370, 1.2367062433333333
26400, 1.2367297726666668
26430, 1.2367539976666666
26460, 1.2367789176666666
26490, 1.2368045333333333
26520, 1.2368308436666666
26550, 1.2368578493333333
26580, 1.2368855496666666
26610, 1.236913945
26640, 1.236943035
26670, 1.23697282
26700, 1.237003299
26730, 1.2370344726666667
26760, 1.2370663406666667
26790, 1.2370989026666668
26820, 1.2371321586666668
26850, 1.2371661086666668
26880, 1.2372007526666666
26910, 1.23723609
26940, 1.2372721206666666
26970, 1.237308845
27000, 1.2373462623333333
27030, 1.2373843726666667
27060, 1.237423176
27090, 1.2374626716666666
27120, 1.23750286
27150, 1.2375437406666665
27180, 1.2375853136666666
27210, 1.2376275783333335
27240, 1.237670535
27270, 1.237714183
27300, 1.2377585226666667
27330, 1.2378035533333334
27360, 1.2378492749999999
27390, 1.2378956876666667
27420, 1.2379427903333333
27450, 1.2379905836666667
27480, 1.2380390673333332
27510, 1.2380882403333333
27540, 1.2381381033333332
27570, 1.2381886556666666
27600, 1.2382398973333333
27630, 1.2382918276666668
27660, 1.2383444466666667
27690, 1.2383977543333333
27720, 1.23845175
27750, 1.2385064333333333
27780, 1.2385618046666667
27810, 1.238617863
27840, 1.2386746086666667
27870, 1.2387320413333334
27900, 1.23879016
27930, 1.2388489653333332
27960, 1.2389084563333335
27990, 1.2389686333333334
28020, 1.2390294953333334
28050, 1.2390910423333334
28080, 1.2391532743333333
28110, 1.2392161906666668
28140, 1.239279791
28170, 1.2393440753333334
28200, 1.239409043
28230, 1.2394746936666667
28260, 1.2395410273333334
28290, 1.2396080433333334
28320, 1.2396757413333335
28350, 1.2397441213333333
28380, 1.2398131826666667
28410, 1.239882925
28440, 1.2399533483333334
28470, 1.2400244516666665
28500, 1.240096235
28530, 1.240168698
28560, 1.2402418403333333
28590, 1.2403156613333333
28620, 1.2403901606666667
28650, 1.2404653383333333
28680, 1.2405411936666666
28710, 1.2406177263333333
28740, 1.2406949356666668
28770, 1.2407728216666667
28800, 1.2408513836666666
28830, 1.2409306213333333
28860, 1.2410105343333333
28890, 1.2410911219999998
28920, 1.241172384
28950, 1.24125432
28980, 1.2413369296666668
29010, 1.2414202123333333
29040, 1.241504168
29070, 1.2415887953333333
29100, 1.2416740946666667
29130, 1.2417600653333334
29160, 1.2418467069999999
29190, 1.241934019
29220, 1.2420220006666667
29250, 1.2421106519999998
29280, 1.2421999723333335
29310, 1.242289961
29340, 1.2423806176666667
29370, 1.242471942
29400, 1.2425639333333334
29430, 1.2426565913333332
29460, 1.2427499153333335
29490, 1.242843905
29520, 1.2429385593333333
29550, 1.2430338786666668
29580, 1.2431298616666666
29610, 1.2432265083333334
29640, 1.243323818
29670, 1.24342179
29700, 1.243520424
29730, 1.2436197193333334
29760, 1.2437196756666666
29790, 1.2438202923333332
29820, 1.2439215686666667
29850, 1.2440235043333332
29880, 1.2441260983333333
29910, 1.2442293506666666
29940, 1.2443332606666666
29970, 1.2444378276666668
30000, 1.244543051
30030, 1.2446489303333335
30060, 1.2447554646666665
30090, 1.2448626536666665
30120, 1.244970497
30150, 1.2450789936666666
30180, 1.2451881436666665
30210, 1.2452979456666666
30240, 1.2454083993333334
30270, 1.2455195043333334
30300, 1.2456312596666668
30330, 1.245743665
30360, 1.2458567196666666
30390, 1.245970423
30420, 1.2460847743333332
30450, 1.2461997733333332
30480, 1.2463154186666667
30510, 1.2464317106666667
30540, 1.246548648
30570, 1.24666623
30600, 1.2467844566666666
30630, 1.2469033266666667
30660, 1.2470228396666667
30690, 1.2471429950000001
30720, 1.247263792
30750, 1.2473852296666668
30780, 1.247507308
30810, 1.2476300256666668
30840, 1.2477533826666667
30870, 1.2478773776666667
30900, 1.2480020103333334
30930, 1.2481272796666667
30960, 1.2482531856666665
30990, 1.248379727
31020, 1.248506903
31050, 1.2486347133333333
31080, 1.248763157
31110, 1.2488922333333332
31140, 1.2490219420000002
31170, 1.2491522816666665
31200, 1.2492832520000001
31230, 1.249414852
31260, 1.2495470813333331
31290, 1.249679939
31320, 1.2498134246666668
31350, 1.249947537
31380, 1.2500822753333334
31410, 1.2502176393333333
31440, 1.250353628
31470, 1.2504902406666667
31500, 1.2506274766666667
31530, 1.2507653346666667
31560, 1.2509038146666667
31590, 1.2510429156666667
31620, 1.2511826366666667
31650, 1.2513229773333332
31680, 1.2514639363333333
31710, 1.251605513
31740, 1.251747707
31770, 1.2518905173333332
31800, 1.252033943
31830, 1.2521779833333333
31860, 1.2523226376666665
31890, 1.252467905
31920, 1.2526137846666667
31950, 1.2527602756666667
31980, 1.2529073776666666
32010, 1.2530550893333332
32040, 1.25320341
32070, 1.2533523389999999
32100, 1.2535018753333333
32130, 1.2536520183333333
32160, 1.2538027673333334
32190, 1.253954121
32220, 1.2541060786666667
32250, 1.2542586396666666
32280, 1.254411803
32310, 1.254565568
32340, 1.2547199336666666
32370, 1.2548748993333334
32400, 1.2550304639999998
32430, 1.2551866266666667
32460, 1.255343387
32490, 1.2555007433333334
32520, 1.2556586953333333
32550, 1.2558172423333334
32580, 1.2559763826666668
32610, 1.2561361163333333
32640, 1.256296442
32670, 1.2564573586666667
32700, 1.2566188656666668
32730, 1.2567809620000001
32760, 1.256943647
32790, 1.2571069196666667
32820, 1.257270779
32850, 1.257435224
32880, 1.257600254
32910, 1.2577658680000001
32940, 1.2579320649999999
32970, 1.2580988443333334
33000, 1.258266205
33030, 1.2584341456666666
33060, 1.258602666
33090, 1.2587717646666667
33120, 1.258941441
33150, 1.259111694
33180, 1.2592825226666666
33210, 1.259453926
33240, 1.259625903
33270, 1.2597984530000002
33300, 1.259971575
33330, 1.2601452676666667
33360, 1.2603195306666666
33390, 1.2604943626666667
33420, 1.2606697626666667
33450, 1.26084573
33480, 1.2610222633333334
33510, 1.2611993616666666
33540, 1.2613770243333333
33570, 1.2615552503333334
33600, 1.2617340386666667
33630, 1.2619133883333333
33660, 1.2620932983333335
33690, 1.2622737673333333
33720, 1.262454795
33750, 1.26263638
33780, 1.262818521
33810, 1.2630012176666667
33840, 1.2631844686666667
33870, 1.263368273
33900, 1.2635526296666666
33930, 1.2637375376666666
33960, 1.263922996
33990, 1.2641090036666667
34020, 1.2642955596666667
34050, 1.264482663
34080, 1.2646703123333334
34110, 1.2648585069999998
34140, 1.265047246
34170, 1.2652365283333333
34200, 1.2654263526666667
34230, 1.265616718
34260, 1.2658076233333333
34290, 1.265999068
34320, 1.2661910506666667
34350, 1.26638357
34380, 1.2665766253333333
34410, 1.2667702156666667
34440, 1.2669643396666668
34470, 1.2671589963333334
34500, 1.267354185
34530, 1.267549904
34560, 1.2677461526666667
34590, 1.2679429296666667
34620, 1.2681402343333334
34650, 1.2683380653333334
34680, 1.2685364213333332
34710, 1.268735302
34740, 1.2689347053333333
34770, 1.269134631
34800, 1.2693350776666668
34830, 1.2695360439999999
34860, 1.2697375293333333
34890, 1.2699395323333333
34920, 1.2701420516666666
34950, 1.2703450870000002
34980, 1.2705486363333334
35010, 1.270752699
35040, 1.270957274
35070, 1.2711623603333333
35100, 1.2713679563333333
35130, 1.2715740613333333
35160, 1.271780674
35190, 1.2719877936666666
35220, 1.2721954186666669
35250, 1.272403548
35280, 1.2726121806666666
35310, 1.2728213156666668
35340, 1.2730309513333333
35370, 1.2732410873333333
35400, 1.273451722
35430, 1.2736628543333333
35460, 1.2738744833333333
35490, 1.2740866076666666
35520, 1.274299226
35550, 1.2745123376666667
35580, 1.2747259413333334
35610, 1.2749400356666667
35640, 1.27515462
35670, 1.2753696926666667
35700, 1.2755852526666667
35730, 1.2758012986666667
35760, 1.27601783
35790, 1.2762348453333334
35820, 1.2764523433333332
35850, 1.2766703226666667
35880, 1.2768887826666666
35910, 1.277107722
35940, 1.2773271389999998
35970, 1.2775470333333332
36000, 1.2777674033333335
36030, 1.2779882476666666
36060, 1.2782095653333332
36090, 1.2784313556666667
36120, 1.2786536166666667
36150, 1.2788763476666667
36180, 1.279099547
36210, 1.279323214
36240, 1.2795473473333332
36270, 1.2797719456666667
36300, 1.2799970079999998
36330, 1.280222533
36360, 1.2804485196666666
36390, 1.2806749663333332
36420, 1.280901872
36450, 1.281129236
36480, 1.2813570563333334
36510, 1.2815853323333335
36540, 1.2818140626666665
36570, 1.282043246
36600, 1.2822728810000001
36630, 1.2825029666666667
36660, 1.2827335020000001
36690, 1.2829644853333333
36720, 1.283195916
36750, 1.2834277920000001
36780, 1.2836601126666667
36810, 1.2838928766666666
36840, 1.284126083
36870, 1.28435973
36900, 1.2845938166666668
36930, 1.2848283416666666
36960, 1.285063304
36990, 1.285298702
37020, 1.285534535
37050, 1.2857708013333333
37080, 1.2860074996666666
37110, 1.2862446293333334
37140, 1.2864821886666666
37170, 1.2867201763333334
37200, 1.2869585913333335
37230, 1.2871974323333335
37260, 1.287436698
37290, 1.2876763873333332
37320, 1.287916499
37350, 1.2881570313333335
37380, 1.2883979836666668
37410, 1.2886393543333334
37440, 1.2888811423333333
37470, 1.289123346
37500, 1.2893659646666666
37530, 1.2896089966666668
37560, 1.2898524406666667
37590, 1.290096296
37620, 1.2903405606666667
37650, 1.2905852336666668
37680, 1.2908303136666666
37710, 1.2910757996666666
37740, 1.29132169
37770, 1.291567984
37800, 1.2918146796666665
37830, 1.292061776
37860, 1.292309272
37890, 1.2925571660000001
37920, 1.292805457
37950, 1.2930541433333334
37980, 1.2933032243333333
38010, 1.293552698
38040, 1.2938025636666666
38070, 1.2940528193333334
38100, 1.2943034646666667
38130, 1.2945544976666667
38160, 1.2948059170000001
38190, 1.2950577216666668
38220, 1.2953099106666668
38250, 1.295562482
38280, 1.2958154346666668
38310, 1.2960687676666667
38340, 1.2963224793333332
38370, 1.2965765683333332
38400, 1.2968310336666666
38430, 1.2970858736666666
38460, 1.2973410873333333
38490, 1.2975966733333333
38520, 1.29785263
38550, 1.2981089566666666
38580, 1.2983656513333335
38610, 1.2986227133333335
38640, 1.2988801406666668
38670, 1.2991379326666666
38700, 1.2993960876666668
38730, 1.2996546043333335
38760, 1.2999134816666666
38790, 1.300172718
38820, 1.300432312
38850, 1.3006922623333332
38880, 1.3009525683333332
38910, 1.3012132276666666
38940, 1.3014742396666665
38970, 1.301735603
39000, 1.301997316
39030, 1.3022593776666667
39060, 1.3025217866666667
39090, 1.3027845413333332
39120, 1.3030476403333333
39150, 1.303311083
39180, 1.3035748673333332
39210, 1.303838992
39240, 1.3041034563333334
39270, 1.3043682583333334
39300, 1.3046333966666666
39330, 1.3048988703333335
39360, 1.3051646780000001
39390, 1.3054308183333334
39420, 1.3056972896666665
39450, 1.3059640906666667
39480, 1.3062312206666666
39510, 1.3064986773333334
39540, 1.3067664600000002
39570, 1.3070345673333335
39600, 1.3073029976666666
39630, 1.3075717496666668
39660, 1.3078408223333333
39690, 1.308110214
39720, 1.3083799236666667
39750, 1.3086499493333332
39780, 1.3089202903333335
39810, 1.309190945
39840, 1.309461912
39870, 1.30973319
39900, 1.3100047776666666
39930, 1.3102766736666667
39960, 1.3105488766666666
39990, 1.3108213850000001
40020, 1.311094198
40050, 1.3113673136666668
40080, 1.3116407306666666
40110, 1.311914448
40140, 1.3121884643333332
40170, 1.312462778
40200, 1.3127373876666666
40230, 1.313012292
40260, 1.31328749
40290, 1.3135629796666668
40320, 1.3138387603333332
40350, 1.31411483
40380, 1.3143911876666665
40410, 1.314667832
40440, 1.3149447616666665
40470, 1.315221975
40500, 1.3154994706666667
40530, 1.3157772476666667
40560, 1.3160553043333332
40590, 1.3163336393333334
40620, 1.3166122513333334
40650, 1.3168911393333333
40680, 1.317170301
40710, 1.3174497360000001
40740, 1.3177294423333334
40770, 1.318009419
40800, 1.3182896643333333
40830, 1.3185701773333334
40860, 1.318850956
40890, 1.3191319996666666
40920, 1.3194133063333333
40950, 1.3196948753333335
40980, 1.3199767046666668
41010, 1.3202587933333332
41040, 1.3205411396666666
41070, 1.3208237423333333
41100, 1.3211066003333334
41130, 1.321389712
41160, 1.3216730756666666
41190, 1.3219566906666667
41220, 1.322240555
41250, 1.3225246676666667
41280, 1.3228090273333333
41310, 1.323093632
41340, 1.323378481
41370, 1.3236635726666666
41400, 1.3239489056666667
41430, 1.3242344786666667
41460, 1.32452029
41490, 1.3248063386666666
41520, 1.325092623
41550, 1.325379142
41580, 1.3256658936666665
41610, 1.3259528773333333
41640, 1.3262400913333334
41670, 1.326527534
41700, 1.326815204
41730, 1.3271031006666667
41760, 1.3273912216666668
41790, 1.3276795663333334
41820, 1.3279681326666666
41850, 1.3282569196666667
41880, 1.3285459263333332
41910, 1.3288351503333333
41940, 1.329124591
41970, 1.3294142469999999
42000, 1.3297041163333332
42030, 1.3299941983333332
42060, 1.330284491
42090, 1.3305749933333335
42120, 1.3308657036666667
42150, 1.3311566209999999
42180, 1.3314477436666665
42210, 1.3317390706666667
42240, 1.3320306
42270, 1.3323223306666665
42300, 1.332614261
42330, 1.3329063903333334
42360, 1.3331987163333332
42390, 1.3334912383333333
42420, 1.3337839546666668
42450, 1.3340768636666667
42480, 1.3343699646666667
42510, 1.3346632556666667
42540, 1.3349567353333334
42570, 1.3352504026666665
42600, 1.335544256
42630, 1.335838294
42660, 1.3361325153333332
42690, 1.3364269186666666
42720, 1.3367215023333332
42750, 1.337016265
42780, 1.3373112056666667
42810, 1.3376063226666666
42840, 1.3379016146666667
42870, 1.3381970803333334
42900, 1.3384927180000001
42930, 1.3387885266666668
42960, 1.339084505
42990, 1.3393806510000001
43020, 1.339676964
43050, 1.3399734423333334
43080, 1.3402700843333333
43110, 1.3405668893333333
43140, 1.340863855
43170, 1.3411609806666667
43200, 1.341458265
43230, 1.341755706
43260, 1.342053303
43290, 1.342351054
43320, 1.342648958
43350, 1.3429470133333332
43380, 1.343245219
43410, 1.3435435733333332
43440, 1.343842075
43470, 1.3441407226666666
43500, 1.3444395150000001
43530, 1.3447384506666666
43560, 1.345037528
43590, 1.345336746
43620, 1.345636103
43650, 1.3459355976666667
43680, 1.3462352286666666
43710, 1.3465349946666667
43740, 1.3468348943333333
43770, 1.3471349263333334
43800, 1.347435089
43830, 1.3477353810000001
43860, 1.3480358013333333
43890, 1.3483363483333333
43920, 1.3486370206666667
43950, 1.3489378166666666
43980, 1.3492387356666669
44010, 1.3495397756666667
44040, 1.3498409356666667
44070, 1.350142214
44100, 1.3504436093333332
44130, 1.3507451206666665
44160, 1.3510467463333333
44190, 1.3513484846666666
44220, 1.351650335
44250, 1.3519522953333334
44280, 1.3522543643333333
44310, 1.3525565413333334
44340, 1.3528588240000001
44370, 1.3531612116666667
44400, 1.3534637026666667
44430, 1.353766296
44460, 1.3540689896666667
44490, 1.3543717826666668
44520, 1.3546746736666666
44550, 1.3549776610000002
44580, 1.3552807436666667
44610, 1.3555839203333333
44640, 1.3558871893333333
44670, 1.3561905493333335
44700, 1.356493999
44730, 1.3567975373333334
44760, 1.3571011623333333
44790, 1.3574048733333333
44820, 1.3577086683333333
44850, 1.3580125463333335
44880, 1.358316506
44910, 1.358620546
44940, 1.3589246643333333
44970, 1.3592288606666667
45000, 1.359533133
45030, 1.35983748
45060, 1.3601419003333333
45090, 1.3604463926666666
45120, 1.360750956
45150, 1.3610555883333333
45180, 1.361360289
45210, 1.3616650559999999
45240, 1.3619698886666667
45270, 1.362274785
45300, 1.3625797436666667
45330, 1.3628847640000001
45360, 1.3631898439999999
45390, 1.3634949823333333
45420, 1.363800178
45450, 1.3641054296666666
45480, 1.3644107356666666
45510, 1.3647160946666668
45540, 1.3650215056666666
45570, 1.365326967
45600, 1.3656324773333335
45630, 1.3659380353333332
45660, 1.36624364
45690, 1.3665492896666667
45720, 1.366854983
45750, 1.3671607186666666
45780, 1.3674664953333333
45810, 1.3677723116666667
45840, 1.3680781663333335
45870, 1.3683840580000002
45900, 1.3686899853333334
45930, 1.368995947
45960, 1.3693019416666667
45990, 1.369607968
46020, 1.3699140246666668
46050, 1.3702201103333334
46080, 1.3705262233333335
46110, 1.370832363
46140, 1.3711385276666666
46170, 1.3714447156666667
46200, 1.3717509263333334
46230, 1.3720571576666667
46260, 1.3723634089999999
46290, 1.3726696783333334
46320, 1.372975965
46350, 1.373282267
46380, 1.3735885836666668
46410, 1.373894913
46440, 1.3742012543333333
46470, 1.3745076059999999
46500, 1.3748139663333334
46530, 1.3751203346666667
46560, 1.3754267096666666
46590, 1.3757330893333335
46620, 1.376039473
46650, 1.376345859
46680, 1.3766522463333333
46710, 1.3769586333333335
46740, 1.3772650186666666
46770, 1.3775714013333333
46800, 1.37787778
46830, 1.3781841529999999
46860, 1.3784905193333334
46890, 1.3787968776666666
46920, 1.3791032263333334
46950, 1.3794095646666666
46980, 1.3797158906666667
47010, 1.3800222036666667
47040, 1.3803285016666667
47070, 1.380634784
47100, 1.380941049
47130, 1.3812472956666666
47160, 1.3815535223333333
47190, 1.381859728
47220, 1.382165911
47250, 1.3824720703333333
47280, 1.3827782046666666
47310, 1.3830843126666665
47340, 1.383390393
47370, 1.3836964443333333
47400, 1.3840024656666665
47430, 1.3843084553333334
47460, 1.384614412
47490, 1.3849203346666668
47520, 1.385226222
47550, 1.3855320726666667
47580, 1.3858378853333333
47610, 1.3861436586666667
47640, 1.3864493913333333
47670, 1.3867550823333334
47700, 1.38706073
47730, 1.3873663336666668
47760, 1.3876718913333332
47790, 1.387977402
47820, 1.3882828643333334
47850, 1.3885882773333333
47880, 1.3888936393333333
47910, 1.3891989493333332
47940, 1.3895042056666667
47970, 1.3898094076666667
48000, 1.3901145536666666
48030, 1.3904196423333335
48060, 1.3907246726666667
48090, 1.391029643
48120, 1.3913345526666667
48150, 1.3916394
48180, 1.3919441833333333
48210, 1.3922489023333333
48240, 1.392553555
48270, 1.3928581403333333
48300, 1.3931626570000002
48330, 1.393467104
48360, 1.3937714796666667
48390, 1.3940757826666665
48420, 1.3943800123333334
48450, 1.394684167
48480, 1.3949882453333333
48510, 1.3952922463333333
48540, 1.3955961686666667
48570, 1.395900011
48600, 1.3962037723333334
48630, 1.396507451
48660, 1.3968110456666667
48690, 1.3971145556666666
48720, 1.3974179796666668
48750, 1.397721316
48780, 1.3980245633333332
48810, 1.398327721
48840, 1.3986307876666666
48870, 1.3989337616666666
48900, 1.399236642
48930, 1.3995394273333333
48960, 1.3998421166666668
48990, 1.4001447086666665
49020, 1.4004472016666667
49050, 1.400749595
49080, 1.4010518873333333
49110, 1.4013540773333333
49140, 1.4016561636666667
49170, 1.4019581453333334
49200, 1.4022600206666667
49230, 1.402561789
49260, 1.402863449
49290, 1.403164999
49320, 1.403466438
49350, 1.403767765
49380, 1.4040689786666667
49410, 1.4043700776666668
49440, 1.4046710606666666
49470, 1.4049719269999998
49500, 1.4052726746666666
49530, 1.4055733033333333
49560, 1.405873811
49590, 1.4061741966666668
49620, 1.4064744593333334
49650, 1.406774598
49680, 1.4070746106666665
49710, 1.4073744966666666
49740, 1.4076742549999999
49770, 1.407973884
49800, 1.4082733826666667
49830, 1.4085727496666667
49860, 1.408871984
49890, 1.4091710843333334
49920, 1.4094700496666668
49950, 1.4097688783333333
49980, 1.4100675696666667
50010, 1.4103661219999999
50040, 1.4106645346666666
50070, 1.410962806
50100, 1.411260935
50130, 1.4115589206666666
50160, 1.4118567613333333
50190, 1.4121544563333333
50220, 1.4124520043333333
50250, 1.4127494036666666
50280, 1.413046654
50310, 1.4133437533333333
50340, 1.4136407009999998
50370, 1.4139374956666666
50400, 1.4142341363333333
50430, 1.4145306213333333
50460, 1.4148269500000001
50490, 1.4151231206666666
50520, 1.4154191326666665
50550, 1.4157149846666668
50580, 1.4160106756666668
50610, 1.4163062039999998
50640, 1.4166015686666666
50670, 1.4168967686666667
50700, 1.4171918030000001
50730, 1.41748667
50760, 1.417781369
50790, 1.4180758986666666
50820, 1.4183702576666666
50850, 1.418664445
50880, 1.4189584593333333
50910, 1.4192523
50940, 1.4195459653333333
50970, 1.4198394543333335
51000, 1.4201327656666667
51030, 1.4204258986666667
51060, 1.420718852
51090, 1.4210116243333333
51120, 1.4213042146666666
51150, 1.4215966216666667
51180, 1.4218888443333333
51210, 1.4221808816666666
51240, 1.4224727323333333
51270, 1.422764395
51300, 1.423055869
51330, 1.423347153
51360, 1.4236382459999999
51390, 1.4239291463333332
51420, 1.4242198536666666
51450, 1.424510366
51480, 1.424800683
51510, 1.425090803
51540, 1.4253807250000001
51570, 1.4256704483333333
51600, 1.425959971
51630, 1.4262492926666666
51660, 1.426538412
51690, 1.4268273276666665
51720, 1.4271160383333334
51750, 1.4274045436666667
51780, 1.427692842
51810, 1.4279809323333335
51840, 1.4282688136666666
51870, 1.4285564846666667
51900, 1.4288439443333332
51930, 1.4291311916666667
51960, 1.4294182253333332
51990, 1.4297050443333332
52020, 1.4299916476666668
52050, 1.4302780339999999
52080, 1.4305642026666667
52110, 1.4308501523333335
52140, 1.4311358816666666
52170, 1.4314213896666668
52200, 1.4317066756666668
52230, 1.431991738
52260, 1.432276576
52290, 1.4325611883333333
52320, 1.432845574
52350, 1.433129732
52380, 1.4334136610000001
52410, 1.43369736
52440, 1.433980828
52470, 1.434264064
52500, 1.434547067
52530, 1.4348298356666667
52560, 1.435112369
52590, 1.4353946656666667
52620, 1.435676725
52650, 1.435958546
52680, 1.4362401273333334
52710, 1.436521468
52740, 1.4368025666666668
52770, 1.4370834226666667
52800, 1.4373640349999999
52830, 1.4376444023333332
52860, 1.4379245236666667
52890, 1.4382043976666665
52920, 1.438484024
52950, 1.4387634009999999
52980, 1.4390425276666665
53010, 1.439321403
53040, 1.4396000263333335
53070, 1.4398783960000001
53100, 1.4401565116666666
53130, 1.4404343713333334
53160, 1.4407119750000001
53190, 1.440989321
53220, 1.4412664083333333
53250, 1.441543236
53280, 1.441819803
53310, 1.4420961083333335
53340, 1.4423721509999998
53370, 1.4426479296666668
53400, 1.4429234436666667
53430, 1.443198692
53460, 1.4434736733333333
53490, 1.443748387
53520, 1.4440228313333334
53550, 1.444297006
53580, 1.4445709096666666
53610, 1.4448445413333333
53640, 1.4451179003333334
53670, 1.445390985
53700, 1.4456637946666666
53730, 1.4459363283333333
53760, 1.4462085846666666
53790, 1.4464805633333333
53820, 1.4467522626666667
53850, 1.447023682
53880, 1.4472948203333333
53910, 1.4475656763333333
53940, 1.4478362496666666
53970, 1.4481065383333334
54000, 1.4483765423333332
54030, 1.44864626
54060, 1.4489156906666667
54090, 1.4491848333333335
54120, 1.4494536866666667
54150, 1.44972225
54180, 1.4499905223333334
54210, 1.4502585026666668
54240, 1.4505261900000002
54270, 1.4507935833333334
54300, 1.4510606813333333
54330, 1.4513274836666668
54360, 1.4515939886666667
54390, 1.451860196
54420, 1.4521261043333333
54450, 1.4523917126666668
54480, 1.4526570203333333
54510, 1.452922026
54540, 1.453186729
54570, 1.453451128
54600, 1.4537152223333334
54630, 1.4539790106666666
54660, 1.4542424926666666
54690, 1.4545056666666667
54720, 1.4547685323333333
54750, 1.4550310883333335
54780, 1.455293334
54810, 1.455555268
54840, 1.4558168893333332
54870, 1.4560781976666666
54900, 1.4563391913333334
54930, 1.4565998696666667
54960, 1.456860232
54990, 1.457120277
55020, 1.457380004
55050, 1.4576394116666667
55080, 1.4578984996666666
55110, 1.4581572663333333
55140, 1.4584157113333334
55170, 1.4586738333333333
55200, 1.4589316316666667
55230, 1.4591891053333332
55260, 1.4594462533333332
55290, 1.4597030746666666
55320, 1.4599595686666667
55350, 1.460215734
55380, 1.4604715700000002
55410, 1.460727076
55440, 1.4609822506666668
55470, 1.4612370933333334
55500, 1.4614916026666667
55530, 1.4617457783333332
55560, 1.461999619
55590, 1.4622531239999998
55620, 1.4625062923333334
55650, 1.462759123
55680, 1.463011615
55710, 1.4632637676666667
55740, 1.46351558
55770, 1.4637670513333334
55800, 1.4640181803333332
55830, 1.4642689663333333
55860, 1.4645194086666666
55890, 1.464769506
55920, 1.4650192576666667
55950, 1.4652686626666667
55980, 1.46551772
56010, 1.4657664293333332
56040, 1.4660147890000002
56070, 1.4662627986666668
56100, 1.4665104573333334
56130, 1.4667577643333334
56160, 1.4670047183333332
56190, 1.4672513183333333
56220, 1.4674975639999999
56250, 1.4677434543333332
56280, 1.4679889883333335
56310, 1.468234165
56340, 1.4684789836666667
56370, 1.4687234436666667
56400, 1.4689675436666667
56430, 1.4692112826666666
56460, 1.4694546606666667
56490, 1.469697676
56520, 1.4699403283333334
56550, 1.4701826163333334
56580, 1.4704245393333333
56610, 1.4706660966666667
56640, 1.4709072873333333
56670, 1.4711481103333335
56700, 1.471388565
56730, 1.4716286503333333
56760, 1.4718683656666667
56790, 1.4721077103333333
56820, 1.472346683
56850, 1.4725852830000001
56880, 1.4728235096666666
56910, 1.4730613623333335
56940, 1.4732988393333333
56970, 1.4735359406666668
57000, 1.4737726653333334
57030, 1.4740090123333334
57060, 1.4742449806666666
57090, 1.4744805699999999
57120, 1.4747157789999998
57150, 1.4749506073333332
57180, 1.4751850536666666
57210, 1.4754191173333333
57240, 1.475652798
57270, 1.4758860943333334
57300, 1.4761190053333333
57330, 1.4763515306666666
57360, 1.4765836696666668
57390, 1.4768154206666666
57420, 1.4770467836666665
57450, 1.4772777576666667
57480, 1.4775083416666668
57510, 1.477738535
57540, 1.477968337
57570, 1.4781977463333333
57600, 1.4784267629999999
57630, 1.4786553856666667
57660, 1.4788836133333332
57690, 1.4791114459999999
57720, 1.479338882
57750, 1.479565921
57780, 1.4797925623333334
57810, 1.480018805
57840, 1.4802446483333334
57870, 1.4804700913333333
57900, 1.4806951333333334
57930, 1.4809197736666666
57960, 1.4811440113333334
57990, 1.4813678456666666
58020, 1.481591276
58050, 1.4818143013333334
58080, 1.4820369213333333
58110, 1.4822591346666667
58140, 1.4824809410000002
58170, 1.4827023393333332
58200, 1.482923329
58230, 1.483143909
58260, 1.483364079
58290, 1.483583838
58320, 1.4838031853333333
58350, 1.48402212
58380, 1.4842406416666667
58410, 1.4844587489999999
58440, 1.4846764416666667
58470, 1.484893719
58500, 1.48511058
58530, 1.485327024
58560, 1.4855430503333333
58590, 1.4857586583333333
58620, 1.485973847
58650, 1.4861886156666666
58680, 1.4864029636666665
58710, 1.4866168903333332
58740, 1.4868303946666666
58770, 1.4870434763333333
58800, 1.4872561343333333
58830, 1.487468368
58860, 1.4876801763333334
58890, 1.4878915593333333
58920, 1.4881025156666667
58950, 1.4883130446666668
58980, 1.4885231456666668
59010, 1.4887328183333333
59040, 1.4889420613333333
59070, 1.4891508743333333
59100, 1.4893592566666667
59130, 1.4895672073333335
59160, 1.489774726
59190, 1.4899818116666668
59220, 1.4901884636666667
59250, 1.4903946813333333
59280, 1.490600464
59310, 1.4908058106666668
59340, 1.4910107213333332
59370, 1.4912151946666665
59400, 1.4914192303333333
59430, 1.4916228273333334
59460, 1.4918259853333333
59490, 1.4920287033333333
59520, 1.4922309806666667
59550, 1.4924328169999999
59580, 1.4926342113333333
59610, 1.492835163
59640, 1.4930356713333335
59670, 1.4932357356666668
59700, 1.4934353556666666
59730, 1.49363453
59760, 1.4938332586666667
59790, 1.4940315403333333
59820, 1.494229375
59850, 1.4944267613333333
59880, 1.4946236993333333
59910, 1.494820188
59940, 1.4950162263333333
59970, 1.4952118143333333
60000, 1.4954069509999999
60030, 1.4956016356666668
60060, 1.495795868
60090, 1.4959896466666667
60120, 1.4961829716666668
60150, 1.496375842
60180, 1.496568257
60210, 1.4967602163333333
60240, 1.4969517193333333
60270, 1.497142765
60300, 1.497333353
60330, 1.4975234823333334
60360, 1.497713153
60390, 1.4979023636666666
60420, 1.498091114
60450, 1.4982794036666667
60480, 1.4984672316666667
60510, 1.4986545973333334
60540, 1.4988415003333333
60570, 1.4990279396666666
60600, 1.4992139153333335
60630, 1.499399426
60660, 1.4995844713333333
60690, 1.499769051
60720, 1.4999531636666668
60750, 1.5001368096666667
60780, 1.5003199876666666
60810, 1.5005026973333333
60840, 1.500684938
60870, 1.500866709
60900, 1.5010480099999999
60930, 1.50122884
60960, 1.501409199
60990, 1.5015890856666667
61020, 1.5017684996666667
61050, 1.5019474406666669
61080, 1.502125908
61110, 1.5023039009999999
61140, 1.5024814186666666
61170, 1.502658461
61200, 1.5028350273333333
61230, 1.503011117
61260, 1.503186729
61290, 1.5033618636666668
61320, 1.5035365193333332
61350, 1.5037106963333333
61380, 1.5038843936666666
61410, 1.5040576106666668
61440, 1.504230347
61470, 1.504402602
61500, 1.5045743753333334
61530, 1.504745666
61560, 1.5049164736666667
61590, 1.505086798
61620, 1.505256638
61650, 1.505425993
61680, 1.5055948633333331
61710, 1.5057632473333333
61740, 1.5059311453333335
61770, 1.5060985563333333
61800, 1.50626548
61830, 1.5064319153333332
61860, 1.5065978623333334
61890, 1.5067633203333333
61920, 1.5069282883333333
61950, 1.5070927663333333
61980, 1.5072567536666668
62010, 1.50742025
62040, 1.5075832543333332
62070, 1.507745766
62100, 1.5079077853333334
62130, 1.508069311
62160, 1.5082303426666666
62190, 1.5083908803333332
62220, 1.5085509226666667
62250, 1.5087104696666667
62280, 1.5088695203333333
62310, 1.509028075
62340, 1.5091861323333333
62370, 1.509343692
62400, 1.5095007536666667
62430, 1.509657317
62460, 1.5098133809999998
62490, 1.5099689456666667
62520, 1.51012401
62550, 1.5102785736666666
62580, 1.5104326363333334
62610, 1.5105861973333334
62640, 1.5107392563333333
62670, 1.5108918126666666
62700, 1.511043866
62730, 1.5111954156666667
62760, 1.511346461
62790, 1.511497002
62820, 1.511647038
62850, 1.5117965683333334
62880, 1.5119455926666667
62910, 1.5120941106666668
62940, 1.5122421216666668
62970, 1.512389625
63000, 1.5125366203333332
63030, 1.5126831073333333
63060, 1.5128290853333333
63090, 1.5129745543333333
63120, 1.513119513
63150, 1.5132639616666665
63180, 1.5134078996666667
63210, 1.513551326
63240, 1.513694241
63270, 1.5138366436666668
63300, 1.513978534
63330, 1.514119911
63360, 1.5142607746666665
63390, 1.514401124
63420, 1.5145409593333332
63450, 1.5146802793333334
63480, 1.5148190843333333
63510, 1.5149573736666666
63540, 1.5150951463333333
63570, 1.5152324026666668
63600, 1.515369142
63630, 1.5155053636666667
63660, 1.515641067
63690, 1.5157762523333334
63720, 1.5159109186666666
63750, 1.516045066
63780, 1.5161786933333334
63810, 1.5163118006666667
63840, 1.5164443873333333
63870, 1.5165764533333332
63900, 1.5167079976666666
63930, 1.51683902
63960, 1.5169695203333333
63990, 1.517099498
64020, 1.5172289526666667
64050, 1.5173578836666666
64080, 1.517486291
64110, 1.517614174
64140, 1.517741532
64170, 1.5178683653333334
64200, 1.5179946726666667
64230, 1.5181204543333333
64260, 1.5182457096666666
64290, 1.5183704383333334
64320, 1.51849464
64350, 1.518618314
64380, 1.51874146
64410, 1.5188640776666666
64440, 1.518986167
64470, 1.519107727
64500, 1.5192287576666665
64530, 1.5193492583333335
64560, 1.519469229
64590, 1.519588669
64620, 1.519707578
64650, 1.5198259553333333
64680, 1.5199438013333333
64710, 1.5200611153333334
64740, 1.5201778966666666
64770, 1.520294145
64800, 1.5204098603333334
64830, 1.5205250423333334
64860, 1.52063969
64890, 1.5207538036666668
64920, 1.5208673823333334
64950, 1.5209804263333333
64980, 1.5210929346666668
65010, 1.5212049076666667
65040, 1.5213163443333333
65070, 1.5214272446666668
65100, 1.521537608
65130, 1.5216474346666666
65160, 1.5217567236666667
65190, 1.5218654746666667
65220, 1.5219736876666665
65250, 1.5220813623333334
65280, 1.522188498
65310, 1.5222950946666667
65340, 1.5224011516666667
65370, 1.522506669
65400, 1.522611646
65430, 1.5227160826666666
65460, 1.5228199783333334
65490, 1.522923333
65520, 1.5230261463333332
65550, 1.5231284176666666
65580, 1.5232301473333334
65610, 1.5233313343333332
65640, 1.5234319783333334
65670, 1.5235320796666667
65700, 1.5236316376666665
65730, 1.5237306516666667
65760, 1.523829122
65790, 1.523927048
65820, 1.5240244293333334
65850, 1.524121266
65880, 1.5242175573333334
65910, 1.5243133033333334
65940, 1.5244085033333332
65970, 1.5245031573333334
66000, 1.5245972650000001
66030, 1.524690826
66060, 1.5247838403333334
66090, 1.524876307
66120, 1.5249682263333333
66150, 1.525059598
66180, 1.5251504213333333
66210, 1.5252406966666665
66240, 1.525330423
66270, 1.5254196006666667
66300, 1.5255082290000002
66330, 1.5255963080000001
66360, 1.5256838373333335
66390, 1.5257708163333332
66420, 1.5258572453333332
66450, 1.5259431236666665
66480, 1.5260284513333333
66510, 1.526113228
66540, 1.5261974533333333
66570, 1.526281127
66600, 1.5263642486666666
66630, 1.5264468186666666
66660, 1.526528836
66690, 1.5266103006666667
66720, 1.5266912126666667
66750, 1.5267715716666665
66780, 1.5268513773333334
66810, 1.5269306293333333
66840, 1.5270093276666667
66870, 1.5270874716666667
66900, 1.5271650616666668
66930, 1.527242097
66960, 1.5273185776666667
66990, 1.5273945033333334
67020, 1.5274698736666668
67050, 1.5275446886666666
67080, 1.5276189480000002
67110, 1.5276926513333333
67140, 1.5277657986666666
67170, 1.5278383896666665
67200, 1.5279104239999999
67230, 1.5279819016666665
67260, 1.5280528223333334
67290, 1.5281231856666666
67320, 1.5281929916666668
67350, 1.52826224
67380, 1.5283309306666666
67410, 1.528399063
67440, 1.5284666373333333
67470, 1.5285336533333334
67500, 1.5286001103333333
67530, 1.528666009
67560, 1.528731348
67590, 1.5287961283333333
67620, 1.5288603490000001
67650, 1.5289240099999999
67680, 1.5289871113333333
67710, 1.5290496523333332
67740, 1.5291116336666666
67770, 1.5291730543333333
67800, 1.5292339143333333
67830, 1.5292942139999999
67860, 1.5293539523333333
67890, 1.52941313
67920, 1.529471746
67950, 1.529529801
67980, 1.529587294
68010, 1.5296442256666667
68040, 1.529700595
68070, 1.5297564026666668
68100, 1.5298116476666668
68130, 1.5298663303333333
68160, 1.5299204506666668
68190, 1.529974008
68220, 1.5300270026666667
68250, 1.5300794343333333
68280, 1.5301313026666667
68310, 1.5301826076666667
68340, 1.530233349
68370, 1.5302835270000001
68400, 1.530333141
68430, 1.5303821910000002
68460, 1.5304306773333334
68490, 1.530478599
68520, 1.5305259566666667
68550, 1.5305727496666668
68580, 1.530618978
68610, 1.5306646416666667
68640, 1.5307097406666665
68670, 1.5307542746666667
68700, 1.5307982433333334
68730, 1.5308416466666668
68760, 1.5308844846666667
68790, 1.5309267573333334
68820, 1.5309684643333334
68850, 1.5310096056666667
68880, 1.5310501813333335
68910, 1.5310901906666665
68940, 1.531129634
68970, 1.5311685113333333
69000, 1.5312068223333333
69030, 1.531244567
69060, 1.531281745
69090, 1.5313183566666666
69120, 1.5313544016666665
69150, 1.5313898796666665
69180, 1.5314247906666667
69210, 1.531459135
69240, 1.5314929123333334
69270, 1.5315261223333332
69300, 1.531558765
69330, 1.5315908403333334
69360, 1.5316223483333333
69390, 1.531653289
69420, 1.531683662
69450, 1.5317134673333332
69480, 1.5317427046666667
69510, 1.5317713743333334
69540, 1.5317994763333334
69570, 1.5318270103333333
69600, 1.531853976
69630, 1.531880374
69660, 1.5319062036666666
69690, 1.531931465
69720, 1.531956158
69750, 1.531980283
69780, 1.5320038393333333
69810, 1.5320268273333335
69840, 1.5320492466666666
69870, 1.5320710976666667
69900, 1.5320923796666666
69930, 1.5321130933333333
69960, 1.5321332383333333
69990, 1.5321528143333334
70020, 1.5321718216666667
70050, 1.5321902603333333
70080, 1.5322081296666668
70110, 1.5322254303333334
70140, 1.5322421623333333
70170, 1.532258325
70200, 1.5322739186666667
70230, 1.5322889433333333
70260, 1.5323033990000001
70290, 1.5323172853333333
70320, 1.5323306026666665
70350, 1.532343351
70380, 1.53235553
70410, 1.53236714
70440, 1.5323781806666665
70470, 1.532388652
70500, 1.532398554
70530, 1.532407887
70560, 1.5324166506666668
70590, 1.532424845
70620, 1.5324324703333332
70650, 1.5324395259999999
70680, 1.5324460126666666
70710, 1.5324519300000001
70740, 1.5324572779999999
70770, 1.5324620566666667
70800, 1.5324662663333333
70830, 1.5324699066666667
70860, 1.5324729776666666
70890, 1.5324754793333335
70920, 1.5324774116666668
70950, 1.532478775
70980, 1.5324795693333333
71010, 1.5324797943333333
71040, 1.53247945
71070, 1.5324785366666667
71100, 1.5324770543333333
71130, 1.5324750026666667
71160, 1.5324723820000001
71190, 1.5324691926666667
71220, 1.5324654340000001
71250, 1.5324611063333333
71280, 1.53245621
71310, 1.5324507446666666
71340, 1.5324447103333334
71370, 1.5324381073333333
71400, 1.5324309356666668
71430, 1.5324231953333334
71460, 1.532414886
71490, 1.5324060083333333
71520, 1.5323965620000002
71550, 1.5323865473333333
71580, 1.532375964
71610, 1.5323648123333333
71640, 1.532353092
71670, 1.5323408036666666
71700, 1.5323279473333333
71730, 1.5323145226666668
71760, 1.5323005296666665
71790, 1.5322859690000001
71820, 1.53227084
71850, 1.5322551433333333
71880, 1.5322388789999999
71910, 1.5322220466666667
71940, 1.532204647
71970, 1.5321866793333334
72000, 1.5321681443333333
72030, 1.5321490420000001
72060, 1.5321293723333334
72090, 1.5321091353333334
72120, 1.5320883313333333
72150, 1.5320669599999999
72180, 1.5320450220000001
72210, 1.5320225170000001
72240, 1.531999445
72270, 1.5319758066666667
72300, 1.5319516016666668
72330, 1.53192683
72360, 1.531901492
72390, 1.531875588
72420, 1.5318491173333333
72450, 1.531822081
72480, 1.5317944786666668
72510, 1.5317663103333332
72540, 1.5317375763333332
72570, 1.5317082770000001
72600, 1.531678412
72630, 1.5316479813333332
72660, 1.531616986
72690, 1.531585425
72720, 1.5315532993333332
72750, 1.5315206086666666
72780, 1.5314873533333333
72810, 1.5314535333333332
72840, 1.531419149
72870, 1.5313842003333333
72900, 1.5313486873333333
72930, 1.5313126103333334
72960, 1.5312759696666667
72990, 1.531238765
73020, 1.5312009966666666
73050, 1.531162665
73080, 1.5311237696666666
73110, 1.5310843116666668
73140, 1.5310442903333334
73170, 1.5310037060000001
73200, 1.5309625593333331
73230, 1.53092085
73260, 1.530878578
73290, 1.530835744
73320, 1.5307923479999999
73350, 1.53074839
73380, 1.5307038703333333
73410, 1.5306587889999999
73440, 1.5306131463333335
73470, 1.5305669423333335
73500, 1.5305201773333335
73530, 1.5304728516666666
73560, 1.5304249653333333
73590, 1.5303765183333333
73620, 1.5303275109999999
73650, 1.5302779433333333
73680, 1.530227816
73710, 1.5301771290000001
73740, 1.5301258823333332
73770, 1.530074076
73800, 1.530021711
73830, 1.5299687866666667
73860, 1.5299153036666668
73890, 1.529861262
73920, 1.529806662
73950, 1.5297515036666667
73980, 1.5296957876666666
74010, 1.5296395136666667
74040, 1.5295826823333332
74070, 1.5295252933333332
74100, 1.5294673473333333
74130, 1.5294088446666667
74160, 1.529349785
74190, 1.529290169
74220, 1.5292299966666667
74250, 1.5291692683333333
74280, 1.5291079840000001
74310, 1.5290461443333334
74340, 1.5289837493333334
74370, 1.528920799
74400, 1.5288572939999998
74430, 1.528793234
74460, 1.52872862
74490, 1.5286634516666666
74520, 1.5285977293333333
74550, 1.5285314533333334
74580, 1.5284646236666666
74610, 1.528397241
74640, 1.5283293056666667
74670, 1.528260817
74700, 1.5281917763333333
74730, 1.5281221833333334
74760, 1.5280520383333334
74790, 1.5279813416666668
74820, 1.5279100936666667
74850, 1.5278382943333335
74880, 1.527765944
74910, 1.5276930433333333
74940, 1.527619592
74970, 1.5275455906666666
75000, 1.5274710396666666
75030, 1.527395939
75060, 1.5273202886666666
75090, 1.5272440896666668
75120, 1.527167342
75150, 1.5270900456666667
75180, 1.5270122013333334
75210, 1.526933809
75240, 1.526854869
75270, 1.5267753819999998
75300, 1.5266953476666667
75330, 1.5266147666666667
75360, 1.526533639
75390, 1.5264519653333333
75420, 1.5263697459999999
75450, 1.526286981
75480, 1.5262036706666666
75510, 1.5261198156666667
75540, 1.5260354156666667
75570, 1.5259504713333334
75600, 1.5258649833333333
75630, 1.5257789513333333
75660, 1.5256923759999999
75690, 1.5256052576666668
75720, 1.5255175963333332
75750, 1.5254293926666667
75780, 1.5253406470000002
75810, 1.5252513593333332
75840, 1.5251615299999999
75870, 1.52507116
75900, 1.5249802486666666
75930, 1.5248887969999998
75960, 1.5247968053333334
75990, 1.5247042736666667
76020, 1.5246112026666667
76050, 1.5245175923333332
76080, 1.5244234429999999
76110, 1.5243287553333333
76140, 1.5242335296666667
76170, 1.524137766
76200, 1.524041465
76230, 1.5239446269999999
76260, 1.5238472520000002
76290, 1.5237493406666667
76320, 1.5236508933333333
76350, 1.5235519103333333
76380, 1.5234523919999998
76410, 1.5233523386666665
76440, 1.5232517506666665
76470, 1.5231506286666667
76500, 1.5230489723333334
76530, 1.522946783
76560, 1.52284406
76590, 1.5227408046666666
76620, 1.5226370166666665
76650, 1.5225326966666668
76680, 1.5224278453333333
76710, 1.5223224623333333
76740, 1.5222165486666668
76770, 1.5221101043333332
76800, 1.52200313
76830, 1.521895626
76860, 1.5217875926666666
76890, 1.5216790303333332
76920, 1.5215699393333333
76950, 1.5214603203333334
76980, 1.5213501733333334
77010, 1.5212394993333334
77040, 1.521128298
77070, 1.5210165703333334
77100, 1.5209043163333333
77130, 1.5207915366666667
77160, 1.5206782316666667
77190, 1.5205644016666666
77220, 1.5204500473333333
77250, 1.5203351686666666
77280, 1.5202197663333332
77310, 1.5201038406666667
77340, 1.5199873923333334
77370, 1.5198704216666667
77400, 1.5197529286666667
77430, 1.5196349143333334
77460, 1.5195163786666668
77490, 1.5193973223333332
77520, 1.5192777456666666
77550, 1.519157649
77580, 1.519037033
77610, 1.518915898
77640, 1.5187942446666667
77670, 1.518672073
77700, 1.5185493836666666
77730, 1.518426177
77760, 1.5183024536666665
77790, 1.518178214
77820, 1.5180534583333332
77850, 1.5179281873333335
77880, 1.5178024013333333
77910, 1.517676101
77940, 1.5175492863333333
77970, 1.5174219580000001
78000, 1.5172941166666667
78030, 1.5171657626666666
78060, 1.5170368963333334
78090, 1.5169075183333334
78120, 1.516777629
78150, 1.516647229
78180, 1.5165163186666666
78210, 1.5163848983333335
78240, 1.5162529683333332
78270, 1.51612053
78300, 1.5159875826666667
78330, 1.5158541276666668
78360, 1.5157201653333334
78390, 1.515585696
78420, 1.51545072
78450, 1.5153152380000001
78480, 1.5151792506666666
78510, 1.515042758
78540, 1.514905761
78570, 1.51476826
78600, 1.5146302556666666
78630, 1.514491748
78660, 1.5143527380000001
78690, 1.5142132259999999
78720, 1.5140732123333334
78750, 1.513932698
78780, 1.513791683
78810, 1.513650168
78840, 1.5135081533333332
78870, 1.51336564
78900, 1.5132226283333334
78930, 1.5130791183333334
78960, 1.5129351113333334
78990, 1.5127906073333333
79020, 1.5126456069999998
79050, 1.512500111
79080, 1.5123541196666668
79110, 1.5122076336666666
79140, 1.5120606533333334
79170, 1.5119131793333334
79200, 1.5117652123333334
79230, 1.5116167526666666
79260, 1.511467801
79290, 1.511318358
79320, 1.5111684236666667
79350, 1.5110179990000001
79380, 1.5108670846666667
79410, 1.510715681
79440, 1.5105637883333334
79470, 1.5104114076666666
79500, 1.5102585393333334
79530, 1.510105184
79560, 1.509951342
79590, 1.509797014
79620, 1.5096422006666665
79650, 1.5094869026666666
79680, 1.5093311203333333
79710, 1.509174854
79740, 1.509018105
79770, 1.508860873
79800, 1.5087031593333333
79830, 1.5085449643333333
79860, 1.5083862883333334
79890, 1.508227132
79920, 1.5080674963333334
79950, 1.5079073813333332
79980, 1.507746788
80010, 1.5075857166666669
80040, 1.507424168
80070, 1.5072621426666666
80100, 1.5070996413333333
80130, 1.5069366646666666
80160, 1.5067732126666669
80190, 1.5066092866666667
80220, 1.5064448866666666
80250, 1.5062800136666668
80280, 1.5061146683333333
80310, 1.5059488509999999
80340, 1.5057825623333334
80370, 1.505615803
80400, 1.5054485736666667
80430, 1.505280875
80460, 1.5051127073333332
80490, 1.5049440716666667
80520, 1.5047749683333334
80550, 1.504605398
80580, 1.5044353613333334
80610, 1.504264859
80640, 1.5040938913333333
80670, 1.5039224596666667
80700, 1.5037505636666666
80730, 1.503578205
80760, 1.5034053833333334
80790, 1.5032321
80820, 1.5030583556666668
80850, 1.5028841503333332
80880, 1.502709485
80910, 1.5025343606666668
80940, 1.5023587773333333
80970, 1.5021827363333333
81000, 1.5020062376666667
81030, 1.5018292823333335
81060, 1.501651871
81090, 1.501474004
81120, 1.5012956823333334
81150, 1.5011169066666665
81180, 1.5009376776666667
81210, 1.5007579960000001
81240, 1.5005778619999999
81270, 1.5003972766666667
81300, 1.5002162403333332
81330, 1.5000347543333332
81360, 1.4998528186666666
81390, 1.4996704343333334
81420, 1.4994876016666667
81450, 1.499304322
81480, 1.4991205956666667
81510, 1.498936423
81540, 1.4987518053333333
81570, 1.4985667426666667
81600, 1.4983812363333333
81630, 1.4981952866666668
81660, 1.4980088946666668
81690, 1.4978220603333334
81720, 1.4976347853333334
81750, 1.4974470693333333
81780, 1.497258914
81810, 1.4970703193333335
81840, 1.4968812866666668
81870, 1.496691816
81900, 1.4965019083333333
81930, 1.4963115646666667
81960, 1.4961207853333334
81990, 1.4959295713333334
82020, 1.4957379233333332
82050, 1.4955458416666667
82080, 1.4953533273333333
82110, 1.4951603813333334
82140, 1.4949670039999998
82170, 1.4947731963333335
82200, 1.4945789586666667
82230, 1.494384292
82260, 1.494189197
82290, 1.4939936746666667
82320, 1.4937977253333334
82350, 1.49360135
82380, 1.4934045489999999
82410, 1.4932073236666665
82440, 1.4930096743333334
82470, 1.492811602
82500, 1.4926131073333333
82530, 1.492414191
82560, 1.4922148536666666
82590, 1.4920150963333332
82620, 1.4918149193333334
82650, 1.491614324
82680, 1.4914133106666667
82710, 1.4912118803333334
82740, 1.4910100336666667
82770, 1.4908077713333334
82800, 1.4906050943333333
82830, 1.490402003
82860, 1.4901984986666668
82890, 1.4899945816666667
82920, 1.4897902526666666
82950, 1.489585513
82980, 1.4893803633333333
83010, 1.489174804
83040, 1.488968836
83070, 1.4887624603333334
83100, 1.4885556773333333
83130, 1.488348488
83160, 1.4881408936666667
83190, 1.487932894
83220, 1.487724491
83250, 1.4875156843333333
83280, 1.4873064756666667
83310, 1.4870968653333332
83340, 1.4868868543333333
83370, 1.4866764433333335
83400, 1.4864656333333333
83430, 1.486254425
83460, 1.4860428190000001
83490, 1.4858308163333334
83520, 1.4856184176666667
83550, 1.485405624
83580, 1.4851924363333333
83610, 1.4849788546666667
83640, 1.4847648806666667
83670, 1.4845505146666667
83700, 1.4843357579999998
83730, 1.4841206106666667
83760, 1.4839050743333333
83790, 1.4836891493333333
83820, 1.4834728363333334
83850, 1.4832561366666668
83880, 1.483039051
83910, 1.4828215803333333
83940, 1.482603725
83970, 1.482385486
84000, 1.4821668643333334
84030, 1.481947861
84060, 1.4817284766666667
84090, 1.481508712
84120, 1.481288568
84150, 1.4810680456666665
84180, 1.4808471453333334
84210, 1.4806258686666667
84240, 1.4804042156666666
84270, 1.4801821876666665
84300, 1.4799597856666666
84330, 1.47973701
84360, 1.4795138620000001
84390, 1.4792903423333332
84420, 1.479066452
84450, 1.4788421916666665
84480, 1.4786175623333333
84510, 1.478392565
84540, 1.4781672
84570, 1.4779414686666665
84600, 1.477715372
84630, 1.4774889103333333
84660, 1.477262085
84690, 1.477034897
84720, 1.4768073466666667
84750, 1.4765794353333332
84780, 1.4763511636666666
84810, 1.4761225326666667
84840, 1.475893543
84870, 1.475664196
84900, 1.4754344923333333
84930, 1.4752044326666667
84960, 1.474974018
84990, 1.4747432496666666
85020, 1.474512128
85050, 1.474280654
85080, 1.474048829
85110, 1.4738166533333332
85140, 1.4735841283333333
85170, 1.473351255
85200, 1.4731180336666665
85230, 1.4728844656666666
85260, 1.4726505516666666
85290, 1.472416293
85320, 1.47218169
85350, 1.4719467443333334
85380, 1.4717114563333333
85410, 1.4714758270000001
85440, 1.4712398573333334
85470, 1.4710035486666666
85500, 1.470766901
85530, 1.4705299163333332
85560, 1.4702925946666667
85590, 1.4700549373333334
85620, 1.4698169456666668
85650, 1.46957862
85680, 1.4693399613333333
85710, 1.469100971
85740, 1.4688616496666667
85770, 1.4686219983333333
85800, 1.4683820176666667
85830, 1.4681417093333333
85860, 1.4679010736666667
85890, 1.4676601116666668
85920, 1.4674188243333335
85950, 1.467177213
85980, 1.466935278
86010, 1.466693021
86040, 1.4664504423333333
86070, 1.466207543
86100, 1.4659643246666667
86130, 1.4657207873333333
86160, 1.4654769326666668
86190, 1.4652327613333334
86220, 1.4649882746666667
86250, 1.464743473
86280, 1.4644983576666666
86310, 1.46425293
86340, 1.4640071903333334
86370, 1.46376114
86400, 1.4635147800000001
