0, 1.3533361846666667
30, 1.3533815806666667
60, 1.353427007
90, 1.3534724636666666
120, 1.35351795
150, 1.3535634663333334
180, 1.3536090123333333
210, 1.3536545876666666
240, 1.3537001926666667
270, 1.3537458266666667
300, 1.3537914899999999
330, 1.3538371820000001
360, 1.353882903
390, 1.3539286523333334
420, 1.3539744303333332
450, 1.3540202366666667
480, 1.3540660713333335
510, 1.354111934
540, 1.3541578246666668
570, 1.354203743
600, 1.3542496893333333
630, 1.3542956626666667
660, 1.3543416636666668
690, 1.3543876916666666
720, 1.3544337466666667
750, 1.3544798286666666
780, 1.3545259373333334
810, 1.3545720726666668
840, 1.3546182346666666
870, 1.3546644226666666
900, 1.354710637
930, 1.3547568773333332
960, 1.3548031436666665
990, 1.3548494356666667
1020, 1.354895753
1050, 1.354942096
1080, 1.3549884643333334
1110, 1.3550348576666666
1140, 1.3550812760000002
1170, 1.3551277193333333
1200, 1.355174187
1230, 1.3552206796666668
1260, 1.3552671963333334
1290, 1.3553137373333333
1320, 1.3553603026666667
1350, 1.3554068916666666
1380, 1.3554535046666667
1410, 1.3555001413333332
1440, 1.3555468013333334
1470, 1.3555934846666666
1500, 1.3556401913333334
1530, 1.355686921
1560, 1.3557336736666667
1590, 1.355780449
1620, 1.355827247
1650, 1.3558740673333334
1680, 1.3559209103333334
1710, 1.355967775
1740, 1.356014662
1770, 1.3560615706666668
1800, 1.3561085013333334
1830, 1.3561554533333333
1860, 1.3562024266666666
1890, 1.3562494213333334
1920, 1.356296437
1950, 1.356343474
1980, 1.3563905313333333
2010, 1.3564376096666666
2040, 1.3564847083333333
2070, 1.3565318273333333
2100, 1.3565789666666668
2130, 1.3566261259999999
2160, 1.3566733053333333
2190, 1.356720504
2220, 1.3567677226666666
2250, 1.3568149606666668
2280, 1.356862218
2310, 1.3569094943333333
2340, 1.3569567896666668
2370, 1.357004104
2400, 1.357051437
2430, 1.3570987883333334
2460, 1.3571461583333333
2490, 1.3571935463333333
2520, 1.3572409523333333
2550, 1.3572883766666666
2580, 1.3573358183333335
2610, 1.3573832780000001
2640, 1.3574307546666666
2670, 1.3574782490000001
2700, 1.3575257603333333
2730, 1.357573289
2760, 1.357620834
2790, 1.357668396
2820, 1.3577159746666665
2850, 1.3577635693333332
2880, 1.3578111806666666
2910, 1.357858808
2940, 1.357906451
2970, 1.35795411
3000, 1.3580017846666665
3030, 1.3580494746666667
3060, 1.35809718
3090, 1.3581449006666666
3120, 1.358192636
3150, 1.3582403866666666
3180, 1.3582881516666665
3210, 1.3583359313333334
3240, 1.3583837253333333
3270, 1.3584315336666668
3300, 1.3584793563333335
3330, 1.3585271926666667
3360, 1.3585750426666667
3390, 1.3586229063333335
3420, 1.3586707836666667
3450, 1.3587186743333335
3480, 1.358766578
3510, 1.3588144946666667
3540, 1.3588624243333334
3570, 1.3589103666666666
3600, 1.3589583213333334
3630, 1.3590062886666667
3660, 1.359054268
3690, 1.3591022596666666
3720, 1.359150263
3750, 1.3591982783333332
3780, 1.3592463053333332
3810, 1.3592943436666667
3840, 1.359342393
3870, 1.3593904540000001
3900, 1.3594385256666668
3930, 1.3594866083333332
3960, 1.3595347016666666
3990, 1.3595828053333332
4020, 1.3596309196666667
4050, 1.359679044
4080, 1.3597271786666667
4110, 1.359775323
4140, 1.359823477
4170, 1.3598716406666667
4200, 1.3599198140000002
4230, 1.3599679963333333
4260, 1.360016188
4290, 1.3600643886666668
4320, 1.360112598
4350, 1.360160816
4380, 1.3602090426666666
4410, 1.3602572776666666
4440, 1.3603055206666668
4470, 1.360353772
4500, 1.360402031
4530, 1.3604502976666666
4560, 1.360498572
4590, 1.3605468536666667
4620, 1.3605951426666667
4650, 1.3606434386666666
4680, 1.360691742
4710, 1.3607400516666666
4740, 1.3607883683333333
4770, 1.360836691
4800, 1.3608850203333334
4830, 1.3609333559999999
4860, 1.3609816973333333
4890, 1.3610300446666665
4920, 1.3610783976666667
4950, 1.3611267563333334
4980, 1.3611751200000002
5010, 1.3612234893333335
5040, 1.3612718633333334
5070, 1.3613202426666668
5100, 1.3613686263333333
5130, 1.361417015
5160, 1.361465408
5190, 1.3615138050000002
5220, 1.3615622063333332
5250, 1.3616106116666666
5280, 1.3616590210000001
5310, 1.3617074336666666
5340, 1.36175585
5370, 1.3618042696666668
5400, 1.3618526926666668
5430, 1.3619011183333334
5460, 1.3619495473333334
5490, 1.3619979786666667
5520, 1.3620464126666667
5550, 1.3620948493333334
5580, 1.362143288
5610, 1.3621917286666667
5640, 1.3622401713333334
5670, 1.362288616
5700, 1.362337062
5730, 1.3623855096666666
5760, 1.3624339586666667
5790, 1.3624824086666667
5820, 1.3625308596666668
5850, 1.3625793116666667
5880, 1.3626277643333333
5910, 1.3626762173333333
5940, 1.3627246706666667
5970, 1.3627731243333332
6000, 1.3628215783333335
6030, 1.362870032
6060, 1.3629184853333334
6090, 1.3629669383333332
6120, 1.3630153906666667
6150, 1.3630638423333332
6180, 1.3631122930000001
6210, 1.363160743
6240, 1.3632091913333333
6270, 1.3632576386666666
6300, 1.3633060843333333
6330, 1.3633545283333333
6360, 1.3634029706666666
6390, 1.3634514106666666
6420, 1.3634998486666667
6450, 1.3635482846666667
6480, 1.363596718
6510, 1.3636451486666668
6540, 1.3636935766666667
6570, 1.3637420016666666
6600, 1.3637904236666667
6630, 1.3638388423333332
6660, 1.3638872576666665
6690, 1.3639356693333333
6720, 1.3639840776666667
6750, 1.3640324816666665
6780, 1.3640808819999999
6810, 1.364129278
6840, 1.3641776696666665
6870, 1.364226057
6900, 1.3642744393333333
6930, 1.3643228173333333
6960, 1.36437119
6990, 1.3644195576666667
7020, 1.36446792
7050, 1.3645162769999999
7080, 1.3645646286666666
7110, 1.3646129743333333
7140, 1.364661314
7170, 1.3647096476666667
7200, 1.3647579753333334
7230, 1.3648062963333334
7260, 1.364854611
7290, 1.364902919
7320, 1.3649512203333334
7350, 1.3649995143333333
7380, 1.3650478013333334
7410, 1.3650960813333333
7440, 1.3651443536666665
7470, 1.3651926183333334
7500, 1.365240875
7530, 1.365289124
7560, 1.365337365
7590, 1.3653855976666667
7620, 1.365433822
7650, 1.3654820376666665
7680, 1.3655302446666666
7710, 1.365578443
7740, 1.365626632
7770, 1.365674812
7800, 1.3657229826666668
7830, 1.365771144
7860, 1.3658192956666666
7890, 1.3658674373333333
7920, 1.3659155693333334
7950, 1.365963691
7980, 1.3660118023333334
8010, 1.3660599036666667
8040, 1.366107994
8070, 1.366156074
8100, 1.366204143
8130, 1.3662522006666666
8160, 1.3663002476666666
8190, 1.366348283
8220, 1.3663963066666667
8250, 1.366444319
8280, 1.3664923196666667
8310, 1.366540308
8340, 1.3665882843333332
8370, 1.3666362486666666
8400, 1.3666842003333335
8430, 1.3667321393333334
8460, 1.3667800656666667
8490, 1.3668279793333333
8520, 1.3668758796666667
8550, 1.366923767
8580, 1.366971641
8610, 1.3670195016666666
8640, 1.3670673483333333
8670, 1.3671151813333333
8700, 1.3671630003333335
8730, 1.3672108053333334
8760, 1.367258596
8790, 1.3673063723333334
8820, 1.367354134
8850, 1.3674018806666668
8880, 1.3674496126666666
8910, 1.3674973300000002
8940, 1.3675450316666666
8970, 1.3675927183333334
9000, 1.367640389
9030, 1.3676880446666668
9060, 1.3677356840000001
9090, 1.3677833076666666
9120, 1.367830915
9150, 1.3678785063333334
9180, 1.3679260813333334
9210, 1.3679736393333333
9240, 1.368021181
9270, 1.3680687056666667
9300, 1.3681162133333333
9330, 1.3681637036666665
9360, 1.368211177
9390, 1.3682586326666668
9420, 1.3683060706666668
9450, 1.368353491
9480, 1.3684008933333334
9510, 1.3684482773333333
9540, 1.3684956433333335
9570, 1.368542991
9600, 1.36859032
9630, 1.3686376303333334
9660, 1.368684922
9690, 1.3687321946666666
9720, 1.368779448
9750, 1.368826682
9780, 1.3688738966666667
9810, 1.3689210916666668
9840, 1.3689682669999998
9870, 1.3690154223333335
9900, 1.3690625576666666
9930, 1.369109673
9960, 1.3691567676666667
9990, 1.369203842
10020, 1.3692508956666667
10050, 1.3692979283333333
10080, 1.3693449403333333
10110, 1.369391931
10140, 1.3694389003333334
10170, 1.3694858486666666
10200, 1.3695327750000001
10230, 1.36957968
10260, 1.369626563
10290, 1.3696734240000001
10320, 1.3697202626666667
10350, 1.3697670793333334
10380, 1.3698138733333334
10410, 1.369860645
10440, 1.3699073936666666
10470, 1.3699541193333333
10500, 1.3700008223333333
10530, 1.3700475016666667
10560, 1.370094158
10590, 1.3701407906666665
10620, 1.3701873999999998
10650, 1.3702339853333332
10680, 1.3702805466666665
10710, 1.3703270840000001
10740, 1.370373597
10770, 1.3704200856666666
10800, 1.3704665496666668
10830, 1.3705129893333332
10860, 1.370559404
10890, 1.3706057936666667
10920, 1.370652158
10950, 1.3706984973333334
10980, 1.3707448113333334
11010, 1.3707910996666668
11040, 1.3708373623333334
11070, 1.370883599
11100, 1.3709298096666667
11130, 1.3709759943333335
11160, 1.3710221526666666
11190, 1.3710682846666666
11220, 1.3711143896666667
11250, 1.3711604683333332
11280, 1.37120652
11310, 1.3712525446666666
11340, 1.3712985423333333
11370, 1.3713445123333332
11400, 1.371390455
11430, 1.37143637
11460, 1.3714822576666665
11490, 1.371528117
11520, 1.3715739483333333
11550, 1.3716197516666666
11580, 1.3716655266666666
11610, 1.3717112729999998
11640, 1.3717569906666667
11670, 1.3718026796666667
11700, 1.3718483399999999
11730, 1.371893971
11760, 1.3719395730000001
11790, 1.3719851453333332
11820, 1.3720306886666667
11850, 1.3720762020000001
11880, 1.3721216856666667
11910, 1.3721671393333332
11940, 1.3722125630000002
11970, 1.3722579566666666
12000, 1.3723033196666665
12030, 1.3723486523333333
12060, 1.3723939543333334
12090, 1.3724392256666667
12120, 1.372484466
12150, 1.3725296753333331
12180, 1.3725748533333333
12210, 1.3726200003333333
12240, 1.3726651153333334
12270, 1.372710199
12300, 1.372755251
12330, 1.372800271
12360, 1.372845259
12390, 1.3728902146666666
12420, 1.3729351379999999
12450, 1.372980029
12480, 1.3730248873333335
12510, 1.373069713
12540, 1.3731145056666667
12570, 1.3731592653333333
12600, 1.373203992
12630, 1.373248685
12660, 1.373293345
12690, 1.373337971
12720, 1.3733825633333332
12750, 1.373427122
12780, 1.3734716466666668
12810, 1.373516137
12840, 1.373560593
12870, 1.3736050146666665
12900, 1.3736494016666665
12930, 1.3736937543333334
12960, 1.3737380716666667
12990, 1.3737823543333334
13020, 1.373826602
13050, 1.373870814
13080, 1.373914991
13110, 1.3739591323333333
13140, 1.374003238
13170, 1.3740473076666666
13200, 1.3740913416666667
13230, 1.3741353393333333
13260, 1.374179301
13290, 1.3742232263333334
13320, 1.3742671149999999
13350, 1.374310967
13380, 1.3743547823333333
13410, 1.374398561
13440, 1.3744423023333332
13470, 1.3744860066666666
13500, 1.3745296736666668
13530, 1.374573303
13560, 1.374616895
13590, 1.3746604493333334
13620, 1.3747039656666666
13650, 1.374747444
13680, 1.3747908843333334
13710, 1.3748342863333334
13740, 1.37487765
13770, 1.3749209753333334
13800, 1.3749642616666666
13830, 1.3750075093333334
13860, 1.3750507183333334
13890, 1.3750938879999999
13920, 1.3751370186666667
13950, 1.37518011
13980, 1.3752231616666666
14010, 1.375266174
14040, 1.3753091463333333
14070, 1.375352079
14100, 1.3753949716666667
14130, 1.3754378243333334
14160, 1.3754806366666665
14190, 1.3755234086666668
14220, 1.37556614
14250, 1.3756088309999999
14280, 1.375651481
14310, 1.37569409
14340, 1.3757366583333333
14370, 1.3757791853333332
14400, 1.375821671
14430, 1.3758641153333335
14460, 1.3759065179999999
14490, 1.3759488789999998
14520, 1.3759911983333335
14550, 1.3760334753333332
14580, 1.3760757106666666
14610, 1.3761179036666666
14640, 1.3761600543333334
14670, 1.3762021626666667
14700, 1.3762442283333334
14730, 1.3762862513333334
14760, 1.3763282313333334
14790, 1.3763701686666667
14820, 1.3764120626666667
14850, 1.3764539133333333
14880, 1.376495721
14910, 1.376537485
14940, 1.3765792053333334
14970, 1.3766208819999999
15000, 1.3766625146666667
15030, 1.3767041036666665
15060, 1.3767456483333333
15090, 1.376787149
15120, 1.3768286049999998
15150, 1.3768700166666668
15180, 1.3769113836666667
15210, 1.3769527060000002
15240, 1.3769939833333333
15270, 1.3770352156666665
15300, 1.377076403
15330, 1.3771175453333333
15360, 1.377158642
15390, 1.377199693
15420, 1.3772406986666668
15450, 1.3772816586666667
15480, 1.3773225726666667
15510, 1.3773634406666668
15540, 1.3774042626666665
15570, 1.3774450383333334
15600, 1.3774857676666667
15630, 1.3775264506666667
15660, 1.377567087
15690, 1.3776076766666667
15720, 1.3776482193333333
15750, 1.3776887153333333
15780, 1.377729164
15810, 1.3777695653333333
15840, 1.3778099196666667
15870, 1.3778502263333334
15900, 1.3778904856666667
15930, 1.377930697
15960, 1.3779708606666665
15990, 1.3780109766666666
16020, 1.3780510443333334
16050, 1.3780910636666668
16080, 1.378131035
16110, 1.378170958
16140, 1.3782108323333333
16170, 1.378250658
16200, 1.378290435
16230, 1.378330163
16260, 1.3783698420000001
16290, 1.378409472
16320, 1.3784490526666666
16350, 1.378488584
16380, 1.3785280659999999
16410, 1.3785674983333334
16440, 1.378606881
16470, 1.3786462136666666
16500, 1.3786854966666666
16530, 1.3787247293333333
16560, 1.378763912
16590, 1.3788030443333334
16620, 1.3788421263333333
16650, 1.378881158
16680, 1.3789201386666667
16710, 1.3789590686666666
16740, 1.3789979479999999
16770, 1.3790367763333333
16800, 1.3790755533333334
16830, 1.3791142793333333
16860, 1.379152954
16890, 1.3791915773333334
16920, 1.379230149
16950, 1.379268669
16980, 1.379307137
17010, 1.3793455533333334
17040, 1.379383918
17070, 1.37942223
17100, 1.37946049
17130, 1.3794986980000001
17160, 1.3795368529999998
17190, 1.3795749560000001
17220, 1.379613006
17250, 1.3796510033333333
17280, 1.3796889476666667
17310, 1.379726839
17340, 1.3797646773333334
17370, 1.3798024623333334
17400, 1.379840194
17430, 1.3798778723333334
17460, 1.3799154969999998
17490, 1.3799530683333334
17520, 1.3799905856666668
17550, 1.380028049
17580, 1.3800654583333334
17610, 1.380102814
17640, 1.3801401150000001
17670, 1.380177362
17700, 1.3802145543333333
17730, 1.3802516923333334
17760, 1.3802887756666666
17790, 1.3803258043333333
17820, 1.380362778
17850, 1.3803996969999999
17880, 1.3804365606666666
17910, 1.3804733693333333
17940, 1.3805101226666667
17970, 1.3805468206666667
18000, 1.380583463
18030, 1.38062005
18060, 1.3806565813333334
18090, 1.3806930566666666
18120, 1.3807294763333333
18150, 1.3807658396666667
18180, 1.3808021473333332
18210, 1.3808383983333332
18240, 1.3808745933333335
18270, 1.380910732
18300, 1.380946814
18330, 1.3809828393333334
18360, 1.381018808
18390, 1.38105472
18420, 1.381090575
18450, 1.3811263726666667
18480, 1.3811621136666667
18510, 1.381197797
18540, 1.3812334233333334
18570, 1.381268992
18600, 1.3813045033333333
18630, 1.381339957
18660, 1.3813753530000001
18690, 1.3814106910000001
18720, 1.3814459713333334
18750, 1.3814811933333333
18780, 1.3815163573333333
18810, 1.3815514633333335
18840, 1.3815865106666667
18870, 1.3816215
18900, 1.3816564303333334
18930, 1.3816913023333333
18960, 1.3817261156666667
18990, 1.38176087
19020, 1.3817955653333334
19050, 1.3818302020000002
19080, 1.3818647793333334
19110, 1.3818992976666666
19140, 1.3819337566666665
19170, 1.381968156
19200, 1.382002496
19230, 1.3820367766666666
19260, 1.3820709973333334
19290, 1.3821051583333333
19320, 1.3821392596666666
19350, 1.3821733006666668
19380, 1.382207282
19410, 1.3822412030000002
19440, 1.3822750636666665
19470, 1.3823088643333332
19500, 1.3823426043333333
19530, 1.382376284
19560, 1.3824099026666667
19590, 1.382443461
19620, 1.3824769583333334
19650, 1.382510395
19680, 1.3825437706666668
19710, 1.382577085
19740, 1.3826103386666666
19770, 1.3826435306666667
19800, 1.3826766613333332
19830, 1.3827097306666667
19860, 1.3827427386666669
19890, 1.382775685
19920, 1.3828085693333332
19950, 1.3828413923333334
19980, 1.3828741533333333
20010, 1.382906852
20040, 1.382939489
20070, 1.3829720636666667
20100, 1.3830045763333334
20130, 1.3830370266666667
20160, 1.3830694143333333
20190, 1.38310174
20220, 1.3831340026666665
20250, 1.3831662026666667
20280, 1.3831983403333332
20310, 1.3832304146666665
20340, 1.3832624263333333
20370, 1.383294375
20400, 1.3833262606666665
20430, 1.3833580829999998
20460, 1.3833898423333335
20490, 1.383421538
20520, 1.3834531703333333
20550, 1.3834847393333334
20580, 1.3835162446666667
20610, 1.3835476863333334
20640, 1.3835790643333332
20670, 1.3836103783333333
20700, 1.3836416283333333
20730, 1.3836728146666666
20760, 1.3837039366666666
20790, 1.3837349946666666
20820, 1.3837659883333333
20850, 1.3837969176666667
20880, 1.3838277826666667
20910, 1.383858583
20940, 1.3838893190000001
20970, 1.3839199903333332
21000, 1.3839505966666668
21030, 1.3839811383333334
21060, 1.3840116153333335
21090, 1.3840420273333334
21120, 1.384072374
21150, 1.3841026556666667
21180, 1.3841328723333333
21210, 1.3841630236666667
21240, 1.3841931093333333
21270, 1.38422313
21300, 1.384253085
21330, 1.3842829743333334
21360, 1.384312798
21390, 1.3843425563333334
21420, 1.3843722483333334
21450, 1.3844018746666666
21480, 1.384431435
21510, 1.3844609293333332
21540, 1.3844903576666665
21570, 1.3845197196666668
21600, 1.3845490156666667
21630, 1.3845782450000002
21660, 1.3846074083333333
21690, 1.3846365046666667
21720, 1.384665535
21750, 1.3846944983333334
21780, 1.384723395
21810, 1.384752225
21840, 1.3847809883333333
21870, 1.3848096843333333
21900, 1.3848383136666667
21930, 1.384866876
21960, 1.384895371
21990, 1.384923799
22020, 1.3849521596666665
22050, 1.384980453
22080, 1.385008679
22110, 1.3850368373333333
22140, 1.3850649283333334
22170, 1.3850929516666666
22200, 1.3851209073333333
22230, 1.3851487953333335
22260, 1.3851766153333334
22290, 1.3852043676666668
22320, 1.385232052
22350, 1.3852596683333334
22380, 1.3852872166666665
22410, 1.3853146966666665
22440, 1.3853421083333333
22470, 1.385369452
22500, 1.3853967273333334
22530, 1.385423934
22560, 1.3854510726666667
22590, 1.3854781423333333
22620, 1.3855051436666668
22650, 1.3855320763333334
22680, 1.38555894
22710, 1.3855857353333334
22740, 1.3856124613333332
22770, 1.3856391186666668
22800, 1.385665707
22830, 1.3856922263333333
22860, 1.3857186766666667
22890, 1.3857450576666668
22920, 1.3857713696666667
22950, 1.3857976120000002
22980, 1.3858237853333333
23010, 1.385849889
23040, 1.3858759233333333
23070, 1.3859018883333334
23100, 1.3859277836666668
23130, 1.3859536090000002
23160, 1.3859793649999999
23190, 1.3860050510000002
23220, 1.3860306673333334
23250, 1.3860562140000001
23280, 1.3860816903333333
23310, 1.386107097
23340, 1.3861324333333334
23370, 1.3861576996666667
23400, 1.386182896
23430, 1.386208022
23460, 1.3862330776666667
23490, 1.3862580629999999
23520, 1.386282978
23550, 1.3863078223333334
23580, 1.3863325966666666
23610, 1.3863573
23640, 1.386381933
23670, 1.3864064953333333
23700, 1.3864309866666666
23730, 1.3864554076666666
23760, 1.3864797573333332
23790, 1.3865040366666668
23820, 1.3865282446666667
23850, 1.386552382
23880, 1.386576448
23910, 1.386600443
23940, 1.386624367
23970, 1.38664822
24000, 1.3866720013333333
24030, 1.3866957116666667
24060, 1.3867193506666666
24090, 1.3867429183333335
24120, 1.3867664143333334
24150, 1.386789839
24180, 1.3868131923333333
24210, 1.3868364736666665
24240, 1.3868596836666667
24270, 1.386882822
24300, 1.3869058883333334
24330, 1.3869288833333333
24360, 1.3869518063333335
24390, 1.3869746573333332
24420, 1.3869974366666669
24450, 1.3870201436666667
24480, 1.387042779
24510, 1.3870653423333332
24540, 1.3870878333333332
24570, 1.3871102523333332
24600, 1.3871325993333334
24630, 1.3871548736666668
24660, 1.387177076
24690, 1.3871992063333334
24720, 1.3872212640000001
24750, 1.3872432490000002
24780, 1.3872651619999998
24810, 1.3872870023333335
24840, 1.3873087703333333
24870, 1.3873304653333334
24900, 1.387352088
24930, 1.387373638
24960, 1.3873951156666666
24990, 1.38741652
25020, 1.3874378520000001
25050, 1.387459111
25080, 1.3874802973333333
25110, 1.3875014106666668
25140, 1.387522451
25170, 1.3875434183333333
25200, 1.3875643126666666
25230, 1.387585134
25260, 1.3876058823333333
25290, 1.3876265576666666
25320, 1.3876471596666666
25350, 1.3876676886666668
25380, 1.387688144
25410, 1.3877085263333333
25440, 1.3877288356666666
25470, 1.3877490713333334
25500, 1.3877692336666667
25530, 1.3877893226666667
25560, 1.387809338
25590, 1.38782928
25620, 1.3878491486666666
25650, 1.3878689436666667
25680, 1.387888665
25710, 1.387908313
25740, 1.387927887
25770, 1.3879473876666666
25800, 1.3879668143333335
25830, 1.3879861676666667
25860, 1.388005447
25890, 1.3880246523333333
25920, 1.3880437840000002
25950, 1.3880628419999999
25980, 1.3880818256666667
26010, 1.3881007356666666
26040, 1.3881195716666668
26070, 1.388138334
26100, 1.388157022
26130, 1.388175636
26160, 1.388194176
26190, 1.388212642
26220, 1.3882310336666668
26250, 1.3882493513333334
26280, 1.3882675946666667
26310, 1.388285764
26340, 1.3883038589999999
26370, 1.3883218796666668
26400, 1.3883398260000002
26430, 1.3883576983333332
26460, 1.388375496
26490, 1.3883932196666666
26520, 1.3884108686666665
26550, 1.3884284433333334
26580, 1.3884459436666667
26610, 1.3884633693333333
26640, 1.3884807206666667
26670, 1.3884979973333333
26700, 1.3885151996666667
26730, 1.3885323276666666
26760, 1.3885493806666667
26790, 1.3885663593333333
26820, 1.3885832633333333
26850, 1.3886000926666666
26880, 1.3886168473333333
26910, 1.3886335273333335
26940, 1.3886501326666667
26970, 1.3886666633333333
27000, 1.3886831193333333
27030, 1.3886995003333333
27060, 1.3887158066666667
27090, 1.3887320383333333
27120, 1.388748195
27150, 1.388764277
27180, 1.3887802839999999
27210, 1.3887962163333334
27240, 1.3888120736666667
27270, 1.388827856
27300, 1.3888435636666667
27330, 1.3888591963333334
27360, 1.388874754
27390, 1.3888902366666667
27420, 1.3889056443333332
27450, 1.388920977
27480, 1.3889362346666667
27510, 1.3889514176666666
27540, 1.3889665253333334
27570, 1.388981558
27600, 1.3889965153333332
27630, 1.389011398
27660, 1.3890262053333333
27690, 1.3890409376666666
27720, 1.3890555949999999
27750, 1.389070177
27780, 1.389084684
27810, 1.3890991156666666
27840, 1.3891134726666667
27870, 1.389127754
27900, 1.3891419603333333
27930, 1.3891560913333334
27960, 1.3891701473333333
27990, 1.3891841283333333
28020, 1.3891980336666665
28050, 1.389211864
28080, 1.3892256189999999
28110, 1.389239299
28140, 1.3892529036666665
28170, 1.389266433
28200, 1.389279887
28230, 1.389293266
28260, 1.3893065693333333
28290, 1.3893197976666667
28320, 1.3893329506666667
28350, 1.3893460283333332
28380, 1.389359031
28410, 1.3893719580000001
28440, 1.3893848100000001
28470, 1.3893975863333334
28500, 1.3894102876666667
28530, 1.3894229133333333
28560, 1.389435464
28590, 1.3894479393333332
28620, 1.3894603393333333
28650, 1.3894726640000001
28680, 1.389484913
28710, 1.389497087
28740, 1.3895091856666666
28770, 1.389521209
28800, 1.389533157
28830, 1.3895450296666667
28860, 1.389556827
28890, 1.389568549
28920, 1.3895801956666667
28950, 1.389591767
28980, 1.389603263
29010, 1.3896146836666665
29040, 1.389626029
29070, 1.3896372989999999
29100, 1.3896484936666667
29130, 1.389659613
29160, 1.389670657
29190, 1.389681626
29220, 1.3896925193333334
29250, 1.3897033376666668
29280, 1.3897140803333332
29310, 1.3897247480000001
29340, 1.3897353403333335
29370, 1.3897458573333332
29400, 1.389756299
29430, 1.3897666653333334
29460, 1.3897769566666667
29490, 1.3897871726666666
29520, 1.3897973133333335
29550, 1.3898073786666667
29580, 1.389817369
29610, 1.389827284
29640, 1.3898371236666667
29670, 1.3898468883333335
29700, 1.3898565776666667
29730, 1.389866192
29760, 1.389875731
29790, 1.3898851946666666
29820, 1.3898945833333334
29850, 1.389903897
29880, 1.3899131353333332
29910, 1.3899222986666666
29940, 1.3899313866666667
29970, 1.3899403996666666
30000, 1.3899493376666667
30030, 1.3899582006666666
30060, 1.3899669883333332
30090, 1.389975701
30120, 1.3899843386666666
30150, 1.3899929013333334
30180, 1.390001389
30210, 1.3900098016666667
30240, 1.3900181393333333
30270, 1.390026402
30300, 1.39003459
30330, 1.3900427026666666
30360, 1.3900507406666667
30390, 1.3900587036666665
30420, 1.3900665916666666
30450, 1.390074405
30480, 1.3900821433333332
30510, 1.3900898066666667
30540, 1.3900973956666667
30570, 1.3901049093333333
30600, 1.3901123486666667
30630, 1.390119713
30660, 1.3901270026666668
30690, 1.3901342173333333
30720, 1.3901413576666668
30750, 1.3901484233333334
30780, 1.390155414
30810, 1.3901623303333335
30840, 1.3901691716666666
30870, 1.3901759386666666
30900, 1.390182631
30930, 1.390189249
30960, 1.3901957923333332
30990, 1.390202261
31020, 1.3902086553333333
31050, 1.3902149753333333
31080, 1.3902212206666666
31110, 1.3902273916666668
31140, 1.390233488
31170, 1.3902395103333334
31200, 1.390245458
31230, 1.3902513316666667
31260, 1.390257131
31290, 1.390262856
31320, 1.3902685066666667
31350, 1.390274083
31380, 1.3902795853333334
31410, 1.3902850136666667
31440, 1.3902903676666667
31470, 1.3902956473333334
31500, 1.3903008533333334
31530, 1.3903059850000001
31560, 1.3903110426666667
31590, 1.3903160266666668
31620, 1.3903209363333333
31650, 1.3903257723333333
31680, 1.3903305339999998
31710, 1.3903352223333334
31740, 1.3903398363333332
31770, 1.3903443766666668
31800, 1.3903488433333333
31830, 1.3903532363333333
31860, 1.3903575553333332
31890, 1.390361801
31920, 1.3903659726666666
31950, 1.390370071
31980, 1.3903740953333332
32010, 1.3903780463333333
32040, 1.390381924
32070, 1.390385728
32100, 1.3903894586666667
32130, 1.3903931156666667
32160, 1.3903966993333334
32190, 1.3904002100000001
32220, 1.3904036469999999
32250, 1.3904070106666666
32280, 1.3904103013333333
32310, 1.3904135186666668
32340, 1.390416663
32370, 1.390419734
32400, 1.390422732
32430, 1.3904256566666666
32460, 1.3904285086666666
32490, 1.3904312873333333
32520, 1.3904339933333332
32550, 1.3904366263333334
32580, 1.3904391866666665
32610, 1.3904416739999998
32640, 1.3904440886666667
32670, 1.3904464303333333
32700, 1.3904486996666665
32730, 1.3904508960000002
32760, 1.3904530196666667
32790, 1.390455071
32820, 1.3904570496666666
32850, 1.390458956
32880, 1.3904607896666668
32910, 1.3904625510000002
32940, 1.39046424
32970, 1.3904658566666666
33000, 1.390467401
33030, 1.390468873
33060, 1.390470273
33090, 1.3904716006666666
33120, 1.3904728563333333
33150, 1.39047404
33180, 1.3904751516666667
33210, 1.3904761913333332
33240, 1.390477159
33270, 1.3904780546666666
33300, 1.3904788786666669
33330, 1.3904796306666667
33360, 1.3904803113333333
33390, 1.3904809200000001
33420, 1.390481457
33450, 1.3904819226666667
33480, 1.3904823166666667
33510, 1.390482639
33540, 1.3904828900000001
33570, 1.3904830696666668
33600, 1.390483178
33630, 1.390483215
33660, 1.3904831806666667
33690, 1.3904830753333333
33720, 1.3904828986666666
33750, 1.390482651
33780, 1.3904823323333333
33810, 1.3904819423333334
33840, 1.3904814816666666
33870, 1.3904809503333333
33900, 1.3904803476666667
33930, 1.3904796746666668
33960, 1.3904789306666667
33990, 1.390478116
34020, 1.390477231
34050, 1.390476275
34080, 1.3904752486666667
34110, 1.3904741520000001
34140, 1.390472985
34170, 1.3904717473333332
34200, 1.3904704396666665
34230, 1.3904690616666666
34260, 1.3904676133333334
34290, 1.390466095
34320, 1.3904645066666668
34350, 1.390462848
34380, 1.3904611196666667
34410, 1.3904593213333334
34440, 1.3904574533333331
34470, 1.3904555156666667
34500, 1.390453508
34530, 1.3904514306666667
34560, 1.3904492836666666
34590, 1.3904470673333333
34620, 1.3904447816666665
34650, 1.3904424263333333
34680, 1.3904400016666667
34710, 1.3904375076666666
34740, 1.3904349443333335
34770, 1.390432312
34800, 1.3904296106666667
34830, 1.3904268400000002
34860, 1.3904240003333335
34890, 1.390421092
34920, 1.3904181146666668
34950, 1.3904150686666665
34980, 1.3904119536666668
35010, 1.39040877
35040, 1.390405518
35070, 1.3904021973333334
35100, 1.390398808
35130, 1.3903953503333333
35160, 1.3903918243333333
35190, 1.3903882303333333
35220, 1.3903845676666666
35250, 1.3903808373333333
35280, 1.3903770383333334
35310, 1.3903731716666667
35340, 1.390369237
35370, 1.3903652343333335
35400, 1.390361164
35430, 1.390357026
35460, 1.3903528200000002
35490, 1.3903485466666667
35520, 1.3903442056666666
35550, 1.3903397973333333
35580, 1.3903353213333334
35610, 1.390330778
35640, 1.3903261676666667
35670, 1.39032149
35700, 1.390316745
35730, 1.3903119333333334
35760, 1.3903070543333333
35790, 1.3903021086666667
35820, 1.390297096
35850, 1.3902920166666666
35880, 1.3902868703333333
35910, 1.3902816576666666
35940, 1.3902763783333334
35970, 1.3902710326666665
36000, 1.3902656203333332
36030, 1.390260142
36060, 1.3902545973333333
36090, 1.3902489863333334
36120, 1.3902433093333333
36150, 1.390237566
36180, 1.390231757
36210, 1.390225882
36240, 1.3902199413333332
36270, 1.3902139346666667
36300, 1.3902078626666665
36330, 1.390201725
36360, 1.3901955216666666
36390, 1.390189253
36420, 1.390182919
36450, 1.3901765196666667
36480, 1.390170055
36510, 1.3901635253333333
36540, 1.3901569306666666
36570, 1.3901502713333334
36600, 1.3901435466666667
36630, 1.3901367573333334
36660, 1.3901299033333334
36690, 1.3901229846666665
36720, 1.3901160013333334
36750, 1.3901089536666666
36780, 1.3901018416666666
36810, 1.390094665
36840, 1.3900874243333334
36870, 1.3900801193333334
36900, 1.3900727506666668
36930, 1.3900653176666666
36960, 1.3900578206666667
36990, 1.39005026
37020, 1.3900426356666666
37050, 1.3900349476666667
37080, 1.390027196
37110, 1.3900193806666667
37140, 1.390011502
37170, 1.3900035603333332
37200, 1.389995555
37230, 1.3899874866666666
37260, 1.3899793553333333
37290, 1.389971161
37320, 1.3899629036666665
37350, 1.3899545836666667
37380, 1.3899462006666667
37410, 1.3899377553333332
37440, 1.389929247
37470, 1.3899206766666665
37500, 1.3899120436666668
37530, 1.3899033486666665
37560, 1.389894591
37590, 1.3898857716666666
37620, 1.38987689
37650, 1.3898679463333334
37680, 1.389858941
37710, 1.389849874
37740, 1.389840745
37770, 1.3898315546666666
37800, 1.3898223026666665
37830, 1.3898129896666667
37860, 1.389803615
37890, 1.389794179
37920, 1.389784682
37950, 1.389775124
37980, 1.389765505
38010, 1.389755825
38040, 1.3897460846666665
38070, 1.3897362833333333
38100, 1.3897264213333334
38130, 1.389716499
38160, 1.389706516
38190, 1.3896964729999999
38220, 1.3896863696666668
38250, 1.3896762063333334
38280, 1.389665983
38310, 1.3896556996666667
38340, 1.3896453563333333
38370, 1.3896349533333332
38400, 1.3896244906666668
38430, 1.3896139686666666
38460, 1.389603387
38490, 1.389592746
38520, 1.389582046
38550, 1.3895712866666667
38580, 1.389560468
38610, 1.3895495906666666
38640, 1.3895386543333332
38670, 1.3895276593333334
38700, 1.3895166056666666
38730, 1.3895054933333333
38760, 1.3894943223333334
38790, 1.3894830933333333
38820, 1.3894718056666666
38850, 1.38946046
38880, 1.3894490563333333
38910, 1.3894375946666666
38940, 1.389426075
38970, 1.3894144976666667
39000, 1.3894028623333332
39030, 1.3893911696666668
39060, 1.3893794196666667
39090, 1.389367612
39120, 1.389355747
39150, 1.389343825
39180, 1.389331846
39210, 1.3893198100000002
39240, 1.389307717
39270, 1.3892955673333334
39300, 1.3892833606666666
39330, 1.3892710976666667
39360, 1.3892587783333332
39390, 1.3892464026666667
39420, 1.3892339706666668
39450, 1.3892214823333333
39480, 1.3892089380000001
39510, 1.3891963376666667
39540, 1.3891836816666667
39570, 1.3891709700000001
39600, 1.3891582026666667
39630, 1.3891453796666666
39660, 1.3891325013333333
39690, 1.3891195676666668
39720, 1.3891065786666668
39750, 1.3890935346666666
39780, 1.3890804356666666
39810, 1.3890672819999998
39840, 1.3890540733333334
39870, 1.38904081
39900, 1.389027492
39930, 1.3890141196666668
39960, 1.3890006929999998
39990, 1.3889872123333333
40020, 1.388973677
40050, 1.388960088
40080, 1.388946445
40110, 1.3889327483333334
40140, 1.3889189979999998
40170, 1.3889051936666668
40200, 1.3888913363333333
40230, 1.3888774253333334
40260, 1.3888634613333335
40290, 1.3888494439999999
40320, 1.3888353736666668
40350, 1.3888212503333333
40380, 1.3888070743333334
40410, 1.3887928456666665
40440, 1.3887785643333332
40470, 1.3887642303333332
40500, 1.3887498443333333
40530, 1.3887354056666668
40560, 1.3887209153333333
40590, 1.3887063726666666
40620, 1.388691778
40650, 1.388677132
40680, 1.388662434
40710, 1.3886476843333333
40740, 1.3886328833333332
40770, 1.388618031
40800, 1.3886031273333332
40830, 1.3885881726666667
40860, 1.388573167
40890, 1.3885581106666667
40920, 1.3885430033333335
40950, 1.3885278453333332
40980, 1.3885126369999998
41010, 1.388497378
41040, 1.3884820686666668
41070, 1.3884667093333334
41100, 1.3884513
41130, 1.3884358406666666
41160, 1.3884203313333334
41190, 1.3884047723333335
41220, 1.3883891636666668
41250, 1.3883735056666666
41280, 1.3883577983333333
41310, 1.3883420416666665
41340, 1.388326236
41370, 1.3883103813333335
41400, 1.3882944776666666
41430, 1.3882785253333334
41460, 1.3882625243333333
41490, 1.3882464746666667
41520, 1.3882303766666666
41550, 1.3882142303333334
41580, 1.3881980360000001
41610, 1.3881817936666667
41640, 1.3881655033333333
41670, 1.388149165
41700, 1.388132779
41730, 1.3881163456666668
41760, 1.3880998646666667
41790, 1.3880833366666667
41820, 1.3880667613333333
41850, 1.3880501386666666
41880, 1.3880334693333334
41910, 1.388016753
41940, 1.38799999
41970, 1.3879831806666667
42000, 1.3879663246666667
42030, 1.3879494223333333
42060, 1.3879324736666665
42090, 1.3879154790000001
42120, 1.3878984386666666
42150, 1.387881352
42180, 1.38786422
42210, 1.3878470423333333
42240, 1.387829819
42270, 1.3878125506666668
42300, 1.387795237
42330, 1.3877778779999999
42360, 1.3877604743333334
42390, 1.3877430256666665
42420, 1.3877255323333333
42450, 1.3877079943333333
42480, 1.387690412
42510, 1.3876727853333333
42540, 1.3876551143333333
42570, 1.3876373993333333
42600, 1.3876196403333334
42630, 1.3876018376666666
42660, 1.3875839913333334
42690, 1.3875661013333334
42720, 1.3875481676666668
42750, 1.387530191
42780, 1.387512171
42810, 1.3874941079999998
42840, 1.387476002
42870, 1.3874578533333335
42900, 1.387439662
42930, 1.387421428
42960, 1.3874031516666665
42990, 1.3873848333333334
43020, 1.3873664723333334
43050, 1.3873480696666667
43080, 1.387329625
43110, 1.3873111386666666
43140, 1.3872926106666668
43170, 1.3872740413333333
43200, 1.3872554303333333
43230, 1.3872367783333335
43260, 1.387218085
43290, 1.387199351
43320, 1.387180576
43350, 1.3871617603333333
43380, 1.387142904
43410, 1.3871240073333333
43440, 1.3871050703333334
43470, 1.387086093
43500, 1.3870670756666668
43530, 1.3870480186666667
43560, 1.3870289216666667
43590, 1.3870097853333334
43620, 1.3869906093333333
43650, 1.3869713936666668
43680, 1.3869521393333333
43710, 1.3869328453333332
43740, 1.3869135126666667
43770, 1.386894141
43800, 1.386874731
43830, 1.386855282
43860, 1.3868357949999999
43890, 1.3868162693333332
43920, 1.3867967056666666
43950, 1.386777104
43980, 1.3867574643333334
44010, 1.386737787
44040, 1.386718072
44070, 1.3866983196666667
44100, 1.3866785296666666
44130, 1.3866587026666668
44160, 1.3866388386666666
44190, 1.3866189376666667
44220, 1.3865990000000001
44250, 1.3865790256666668
44280, 1.3865590146666666
44310, 1.3865389673333335
44340, 1.3865188836666666
44370, 1.3864987640000002
44400, 1.3864786083333334
44430, 1.386458417
44460, 1.3864381896666667
44490, 1.3864179269999999
44520, 1.386397629
44550, 1.3863772956666667
44580, 1.386356927
44610, 1.3863365236666667
44640, 1.3863160853333332
44670, 1.386295612
44700, 1.3862751043333332
44730, 1.3862545623333333
44760, 1.386233986
44790, 1.3862133753333334
44820, 1.386192731
44850, 1.3861720523333334
44880, 1.3861513403333334
44910, 1.3861305946666667
44940, 1.3861098153333333
44970, 1.3860890026666666
45000, 1.386068157
45030, 1.3860472783333333
45060, 1.3860263666666666
45090, 1.3860054223333333
45120, 1.3859844456666668
45150, 1.385963436
45180, 1.3859423943333333
45210, 1.3859213206666667
45240, 1.3859002146666666
45270, 1.3858790766666667
45300, 1.3858579073333332
45330, 1.3858367059999999
45360, 1.3858154733333332
45390, 1.3857942096666667
45420, 1.3857729143333335
45450, 1.3857515883333333
45480, 1.3857302313333333
45510, 1.3857088436666667
45540, 1.385687425
45570, 1.3856659763333334
45600, 1.3856444973333333
45630, 1.3856229880000002
45660, 1.3856014486666666
45690, 1.3855798793333334
45720, 1.3855582806666666
45750, 1.385536652
45780, 1.385514994
45810, 1.3854933066666668
45840, 1.3854715903333334
45870, 1.385449845
45900, 1.3854280706666666
45930, 1.385406268
45960, 1.3853844363333334
45990, 1.3853625763333333
46020, 1.385340688
46050, 1.3853187716666666
46080, 1.3852968273333335
46110, 1.3852748553333332
46140, 1.3852528553333334
46170, 1.3852308279999999
46200, 1.3852087733333334
46230, 1.3851866913333333
46260, 1.385164582
46290, 1.385142446
46320, 1.385120283
46350, 1.3850980936666668
46380, 1.3850758773333334
46410, 1.385053635
46440, 1.3850313663333333
46470, 1.3850090716666665
46500, 1.384986751
46530, 1.3849644046666667
46560, 1.3849420326666666
46590, 1.3849196353333333
46620, 1.3848972123333332
46650, 1.3848747643333335
46680, 1.3848522913333332
46710, 1.3848297936666667
46740, 1.384807271
46770, 1.3847847236666668
46800, 1.384762152
46830, 1.3847395563333333
46860, 1.3847169363333334
46890, 1.3846942923333332
46920, 1.3846716243333332
46950, 1.384648933
46980, 1.384626218
47010, 1.3846034793333333
47040, 1.3845807176666667
47070, 1.384557933
47100, 1.3845351253333333
47130, 1.384512295
47160, 1.384489442
47190, 1.3844665663333333
47220, 1.3844436686666668
47250, 1.3844207486666666
47280, 1.3843978063333333
47310, 1.3843748426666667
47340, 1.384351857
47370, 1.3843288496666668
47400, 1.384305821
47430, 1.3842827713333334
47460, 1.3842597003333332
47490, 1.3842366083333333
47520, 1.3842134953333334
47550, 1.384190362
47580, 1.3841672079999998
47610, 1.384144034
47640, 1.3841208393333335
47670, 1.3840976249999999
47700, 1.3840743903333332
47730, 1.3840511363333334
47760, 1.3840278623333333
47790, 1.3840045693333332
47820, 1.3839812569999999
47850, 1.3839579253333334
47880, 1.3839345746666667
47910, 1.3839112053333333
47940, 1.3838878173333333
47970, 1.3838644106666667
48000, 1.3838409856666667
48030, 1.3838175423333334
48060, 1.3837940813333334
48090, 1.383770602
48120, 1.3837471053333334
48150, 1.383723591
48180, 1.3837000590000001
48210, 1.3836765096666666
48240, 1.3836529433333333
48270, 1.38362936
48300, 1.38360576
48330, 1.3835821433333333
48360, 1.38355851
48390, 1.3835348603333333
48420, 1.3835111943333334
48450, 1.3834875126666666
48480, 1.3834638146666667
48510, 1.3834401013333333
48540, 1.383416372
48570, 1.3833926273333335
48600, 1.3833688676666667
48630, 1.3833450926666666
48660, 1.3833213026666666
48690, 1.383297498
48720, 1.3832736786666666
48750, 1.3832498446666666
48780, 1.3832259966666667
48810, 1.3832021343333334
48840, 1.3831782576666667
48870, 1.3831543673333333
48900, 1.3831304633333334
48930, 1.383106546
48960, 1.383082615
48990, 1.3830586706666665
49020, 1.3830347133333334
49050, 1.383010743
49080, 1.3829867599999999
49110, 1.3829627643333333
49140, 1.3829387563333333
49170, 1.3829147356666667
49200, 1.382890703
49230, 1.3828666586666667
49260, 1.382842602
49290, 1.382818534
49320, 1.3827944543333335
49350, 1.3827703633333333
49380, 1.3827462609999999
49410, 1.3827221476666667
49440, 1.3826980236666666
49470, 1.3826738886666667
49500, 1.382649743
49530, 1.382625587
49560, 1.382601421
49590, 1.3825772443333335
49620, 1.3825530583333332
49650, 1.382528862
49680, 1.3825046563333334
49710, 1.382480441
49740, 1.3824562166666667
49770, 1.382431983
49800, 1.3824077399999999
49830, 1.3823834886666666
49860, 1.3823592283333332
49890, 1.3823349593333334
49920, 1.3823106823333333
49950, 1.382286397
49980, 1.3822621033333333
50010, 1.382237802
50040, 1.382213493
50070, 1.3821891763333334
50100, 1.382164852
50130, 1.3821405206666668
50160, 1.382116182
50190, 1.3820918366666666
50220, 1.3820674843333334
50250, 1.3820431253333334
50280, 1.38201876
50310, 1.3819943883333334
50340, 1.3819700103333332
50370, 1.3819456263333334
50400, 1.3819212366666667
50430, 1.3818968413333332
50460, 1.3818724403333333
50490, 1.381848034
50520, 1.3818236223333333
50550, 1.3817992056666666
50580, 1.3817747843333335
50610, 1.381750358
50640, 1.3817259273333333
50670, 1.3817014920000001
50700, 1.3816770526666668
50730, 1.3816526089999999
50760, 1.3816281613333332
50790, 1.38160371
50820, 1.3815792553333333
50850, 1.3815547966666668
50880, 1.381530335
50910, 1.3815058703333334
50940, 1.3814814023333335
50970, 1.3814569316666667
51000, 1.3814324583333333
51030, 1.3814079826666668
51060, 1.3813835043333333
51090, 1.381359024
51120, 1.3813345416666667
51150, 1.3813100573333332
51180, 1.3812855713333334
51210, 1.3812610836666668
51240, 1.3812365946666667
51270, 1.3812121043333334
51300, 1.3811876133333332
51330, 1.381163121
51360, 1.381138628
51390, 1.3811141346666667
51420, 1.3810896406666666
51450, 1.3810651463333332
51480, 1.381040652
51510, 1.3810161576666666
51540, 1.3809916633333335
51570, 1.3809671696666668
51600, 1.3809426763333335
51630, 1.3809181836666666
51660, 1.380893692
51690, 1.380869201
51720, 1.3808447113333333
51750, 1.3808202233333333
51780, 1.3807957363333334
51810, 1.380771251
51840, 1.3807467676666667
51870, 1.3807222863333333
51900, 1.380697807
51930, 1.3806733296666667
51960, 1.380648855
51990, 1.380624383
52020, 1.3805999136666667
52050, 1.3805754473333332
52080, 1.3805509839999999
52110, 1.380526524
52140, 1.380502067
52170, 1.380477614
52200, 1.3804531643333333
52230, 1.380428719
52260, 1.3804042773333334
52290, 1.38037984
52320, 1.3803554066666666
52350, 1.3803309783333335
52380, 1.3803065543333333
52410, 1.3802821353333332
52440, 1.380257721
52470, 1.3802333119999999
52500, 1.3802089083333333
52530, 1.3801845103333334
52560, 1.3801601176666667
52590, 1.3801357306666666
52620, 1.3801113500000002
52650, 1.380086975
52680, 1.3800626066666666
52710, 1.3800382443333334
52740, 1.380013889
52770, 1.3799895400000002
52800, 1.379965198
52830, 1.3799408633333334
52860, 1.3799165356666667
52890, 1.3798922153333335
52920, 1.3798679023333333
52950, 1.3798435973333332
52980, 1.3798192999999999
53010, 1.3797950106666665
53040, 1.3797707296666666
53070, 1.379746457
53100, 1.3797221926666665
53130, 1.379697937
53160, 1.37967369
53190, 1.379649452
53220, 1.3796252233333333
53250, 1.3796010036666666
53280, 1.3795767936666667
53310, 1.3795525929999999
53340, 1.3795284023333334
53370, 1.3795042213333335
53400, 1.3794800506666667
53430, 1.37945589
53460, 1.37943174
53490, 1.3794076003333333
53520, 1.3793834713333333
53550, 1.3793593533333333
53580, 1.3793352460000001
53610, 1.3793111503333333
53640, 1.3792870656666667
53670, 1.3792629926666666
53700, 1.3792389310000002
53730, 1.3792148813333334
53760, 1.3791908436666667
53790, 1.3791668183333334
53820, 1.3791428049999999
53850, 1.3791188043333333
53880, 1.379094816
53910, 1.3790708403333334
53940, 1.379046878
53970, 1.3790229283333333
54000, 1.378998992
54030, 1.3789750693333334
54060, 1.37895116
54090, 1.3789272643333335
54120, 1.3789033823333334
54150, 1.3788795146666668
54180, 1.378855661
54210, 1.3788318216666666
54240, 1.378807997
54270, 1.3787841866666666
54300, 1.3787603913333333
54330, 1.3787366110000001
54360, 1.3787128456666666
54390, 1.3786890956666666
54420, 1.3786653610000001
54450, 1.378641642
54480, 1.3786179386666668
54510, 1.3785942513333334
54540, 1.37857058
54570, 1.378546925
54600, 1.378523286
54630, 1.378499664
54660, 1.3784760583333333
54690, 1.3784524696666667
54720, 1.3784288980000001
54750, 1.3784053433333334
54780, 1.378381806
54810, 1.3783582863333335
54840, 1.378334784
54870, 1.3783112996666667
54900, 1.378287833
54930, 1.3782643846666667
54960, 1.3782409543333332
54990, 1.3782175426666667
55020, 1.3781941493333334
55050, 1.3781707749999998
55080, 1.3781474193333334
55110, 1.3781240826666667
55140, 1.3781007650000001
55170, 1.378077467
55200, 1.3780541883333335
55230, 1.3780309290000001
55260, 1.37800769
55290, 1.3779844706666668
55320, 1.3779612713333333
55350, 1.3779380923333333
55380, 1.3779149336666667
55410, 1.3778917956666665
55440, 1.3778686783333334
55470, 1.3778455820000002
55500, 1.3778225066666665
55530, 1.3777994523333332
55560, 1.3777764196666666
55590, 1.377753408
55620, 1.3777304183333334
55650, 1.3777074503333333
55680, 1.3776845043333332
55710, 1.3776615803333334
55740, 1.3776386786666666
55770, 1.3776157996666667
55800, 1.377592943
55830, 1.3775701089999999
55860, 1.3775472976666667
55890, 1.3775245096666666
55920, 1.3775017446666666
55950, 1.3774790033333333
55980, 1.3774562849999998
56010, 1.3774335906666666
56040, 1.37741092
56070, 1.377388273
56100, 1.3773656503333334
56130, 1.377343052
56160, 1.377320478
56190, 1.3772979283333333
56220, 1.3772754036666666
56250, 1.3772529036666665
56280, 1.3772304286666666
56310, 1.377207979
56340, 1.3771855543333333
56370, 1.3771631553333334
56400, 1.3771407820000001
56430, 1.3771184343333334
56460, 1.3770961123333334
56490, 1.3770738166666667
56520, 1.3770515473333333
56550, 1.377029304
56580, 1.3770070873333333
56610, 1.3769848973333334
56640, 1.3769627340000001
56670, 1.376940598
56700, 1.3769184886666668
56730, 1.376896407
56760, 1.3768743526666665
56790, 1.3768523256666667
56820, 1.3768303263333332
56850, 1.376808355
56880, 1.3767864116666666
56910, 1.3767644966666666
56940, 1.3767426096666666
56970, 1.3767207513333333
57000, 1.3766989216666667
57030, 1.3766771206666666
57060, 1.3766553483333335
57090, 1.3766336053333332
57120, 1.3766118913333334
57150, 1.376590207
57180, 1.3765685516666668
57210, 1.3765469263333332
57240, 1.3765253306666667
57270, 1.376503765
57300, 1.3764822293333332
57330, 1.376460724
57360, 1.376439249
57390, 1.3764178046666666
57420, 1.3763963909999999
57450, 1.376375008
57480, 1.376353656
57510, 1.3763323349999999
57540, 1.3763110453333334
57570, 1.376289787
57600, 1.3762685603333333
57630, 1.3762473656666667
57660, 1.3762262023333334
57690, 1.3762050713333334
57720, 1.3761839723333333
57750, 1.3761629056666667
57780, 1.3761418713333333
57810, 1.3761208696666667
57840, 1.3760999006666665
57870, 1.3760789643333333
57900, 1.3760580613333333
57930, 1.3760371913333334
57960, 1.3760163546666666
57990, 1.3759955516666666
58020, 1.375974782
58050, 1.3759540460000002
58080, 1.375933344
58110, 1.375912676
58140, 1.375892042
58170, 1.3758714426666667
58200, 1.3758508773333333
58230, 1.375830347
58260, 1.3758098509999999
58290, 1.3757893903333334
58320, 1.3757689643333335
58350, 1.3757485736666666
58380, 1.3757282183333333
58410, 1.3757078983333333
58440, 1.375687614
58470, 1.3756673653333333
58500, 1.3756471526666667
58530, 1.3756269756666666
58560, 1.3756068353333335
58590, 1.3755867309999998
58620, 1.375566663
58650, 1.3755466316666667
58680, 1.3755266373333332
58710, 1.3755066796666666
58740, 1.375486759
58770, 1.3754668753333334
58800, 1.375447029
58830, 1.3754272203333333
58860, 1.375407449
58890, 1.3753877153333334
58920, 1.3753680196666667
58950, 1.375348362
58980, 1.3753287423333334
59010, 1.375309161
59040, 1.375289618
59070, 1.3752701133333334
59100, 1.3752506476666666
59130, 1.3752312206666666
59160, 1.3752118326666667
59190, 1.375192484
59220, 1.3751731743333333
59250, 1.375153904
59280, 1.375134673
59310, 1.375115482
59340, 1.3750963306666666
59370, 1.375077219
59400, 1.3750581476666666
59430, 1.3750391163333333
59460, 1.3750201256666665
59490, 1.375001175
59520, 1.3749822653333332
59550, 1.374963396
59580, 1.374944568
59610, 1.3749257806666666
59640, 1.3749070343333334
59670, 1.3748883296666667
59700, 1.3748696663333333
59730, 1.3748510443333333
59760, 1.374832464
59790, 1.3748139256666667
59820, 1.3747954293333333
59850, 1.374776975
59880, 1.3747585626666667
59910, 1.374740193
59940, 1.3747218656666667
59970, 1.374703581
60000, 1.374685339
60030, 1.37466714
60060, 1.3746489836666667
60090, 1.3746308710000001
60120, 1.3746128013333332
60150, 1.374594775
60180, 1.3745767923333332
60210, 1.3745588533333335
60240, 1.3745409579999999
60270, 1.3745231066666665
60300, 1.3745052996666667
60330, 1.3744875366666667
60360, 1.3744698180000001
60390, 1.3744521436666666
60420, 1.374434514
60450, 1.3744169290000001
60480, 1.3743993890000001
60510, 1.3743818939999999
60540, 1.374364444
60570, 1.3743470393333335
60600, 1.37432968
60630, 1.374312366
60660, 1.3742950976666666
60690, 1.3742778753333333
60720, 1.3742606986666668
60750, 1.374243568
60780, 1.3742264836666667
60810, 1.3742094453333333
60840, 1.3741924536666665
60870, 1.3741755083333334
60900, 1.3741586096666667
60930, 1.3741417576666668
60960, 1.3741249526666668
60990, 1.374108195
61020, 1.374091484
61050, 1.3740748206666666
61080, 1.3740582043333334
61110, 1.374041636
61140, 1.374025115
61170, 1.3740086416666668
61200, 1.3739922166666665
61230, 1.3739758393333334
61260, 1.3739595103333333
61290, 1.3739432296666665
61320, 1.3739269973333332
61350, 1.3739108133333333
61380, 1.3738946783333335
61410, 1.3738785916666667
61440, 1.3738625543333334
61470, 1.3738465656666667
61500, 1.3738306263333333
61530, 1.3738147363333335
61560, 1.3737988956666667
61590, 1.3737831043333333
61620, 1.3737673626666667
61650, 1.373751671
61680, 1.373736029
61710, 1.373720437
61740, 1.3737048953333335
61770, 1.3736894036666667
61800, 1.3736739623333334
61830, 1.3736585716666667
61860, 1.3736432313333333
61890, 1.373627942
61920, 1.3736127033333332
61950, 1.3735975156666667
61980, 1.3735823790000001
62010, 1.3735672936666667
62040, 1.3735522596666667
62070, 1.373537277
62100, 1.3735223460000001
62130, 1.3735074663333333
62160, 1.3734926386666666
62190, 1.373477863
62220, 1.3734631393333332
62250, 1.3734484676666667
62280, 1.3734338483333333
62310, 1.3734192813333332
62340, 1.3734047666666667
62370, 1.373390305
62400, 1.3733758956666666
62430, 1.3733615393333334
62460, 1.373347236
62490, 1.3733329856666667
62520, 1.3733187883333333
62550, 1.3733046446666666
62580, 1.373290554
62610, 1.373276517
62640, 1.3732625336666666
62670, 1.3732486043333334
62700, 1.3732347283333335
62730, 1.3732209066666667
62760, 1.373207139
62790, 1.3731934256666667
62820, 1.3731797663333334
62850, 1.3731661616666668
62880, 1.3731526113333334
62910, 1.373139116
62940, 1.373125675
62970, 1.373112289
63000, 1.373098958
63030, 1.3730856823333333
63060, 1.3730724616666665
63090, 1.3730592963333332
63120, 1.3730461863333334
63150, 1.373033132
63180, 1.3730201329999998
63210, 1.37300719
63240, 1.372994303
63270, 1.3729814716666666
63300, 1.3729686963333334
63330, 1.3729559773333333
63360, 1.3729433146666667
63390, 1.3729307086666667
63420, 1.3729181586666668
63450, 1.3729056656666667
63480, 1.372893229
63510, 1.3728808493333333
63540, 1.3728685266666667
63570, 1.372856261
63600, 1.3728440526666668
63630, 1.3728319013333334
63660, 1.3728198073333333
63690, 1.3728077706666668
63720, 1.372795792
63750, 1.3727838706666666
63780, 1.372772007
63810, 1.3727602013333333
63840, 1.3727484536666668
63870, 1.3727367643333332
63900, 1.3727251326666667
63930, 1.3727135596666666
63960, 1.3727020449999998
63990, 1.3726905886666667
64020, 1.372679191
64050, 1.372667852
64080, 1.372656572
64110, 1.3726453506666667
64140, 1.3726341883333333
64170, 1.3726230853333334
64200, 1.3726120413333334
64230, 1.3726010566666667
64260, 1.3725901313333333
64290, 1.3725792653333333
64320, 1.3725684593333334
64350, 1.3725577126666666
64380, 1.372547026
64410, 1.3725363993333333
64440, 1.3725258323333334
64470, 1.3725153256666667
64500, 1.372504879
64530, 1.3724944926666667
64560, 1.3724841666666667
64590, 1.3724739013333334
64620, 1.3724636963333332
64650, 1.3724535523333332
64680, 1.3724434686666667
64710, 1.3724334463333332
64740, 1.3724234846666667
64770, 1.372413584
64800, 1.3724037446666666
64830, 1.3723939663333333
64860, 1.3723842493333334
64890, 1.3723745939999998
64920, 1.372365
64950, 1.3723554676666667
64980, 1.372345997
65010, 1.3723365883333334
65040, 1.3723272413333332
65070, 1.3723179563333332
65100, 1.3723087333333333
65130, 1.3722995726666667
65160, 1.3722904743333333
65190, 1.372281438
65220, 1.3722724643333333
65250, 1.3722635533333334
65280, 1.3722547046666667
65310, 1.372245919
65340, 1.3722371956666668
65370, 1.3722285356666666
65400, 1.3722199386666667
65430, 1.3722114043333333
65460, 1.3722029333333334
65490, 1.3721945256666666
65520, 1.3721861813333334
65550, 1.3721779003333334
65580, 1.372169683
65610, 1.372161529
65640, 1.3721534386666667
65670, 1.3721454123333334
65700, 1.3721374496666665
65730, 1.372129551
65760, 1.3721217163333335
65790, 1.372113946
65820, 1.3721062393333334
65850, 1.3720985973333333
65880, 1.3720910196666667
65910, 1.3720835063333334
65940, 1.3720760576666666
65970, 1.3720686733333334
66000, 1.3720613540000002
66030, 1.3720540993333332
66060, 1.3720469093333334
66090, 1.3720397846666668
66120, 1.3720327246666666
66150, 1.3720257299999998
66180, 1.3720188003333333
66210, 1.372011936
66240, 1.372005137
66270, 1.3719984033333334
66300, 1.3719917353333333
66330, 1.371985133
66360, 1.3719785960000002
66390, 1.371972125
66420, 1.3719657196666668
66450, 1.3719593803333334
66480, 1.371953107
66510, 1.3719468996666666
66540, 1.3719407583333332
66570, 1.3719346836666666
66600, 1.3719286746666666
66630, 1.3719227323333334
66660, 1.3719168566666666
66690, 1.3719110473333334
66720, 1.3719053043333331
66750, 1.3718996283333333
66780, 1.371894019
66810, 1.3718884763333334
66840, 1.3718830006666667
66870, 1.371877592
66900, 1.3718722503333334
66930, 1.3718669756666666
66960, 1.3718617683333334
66990, 1.371856628
67020, 1.3718515553333333
67050, 1.37184655
67080, 1.3718416119999999
67110, 1.3718367416666668
67140, 1.371831939
67170, 1.3718272036666668
67200, 1.3718225363333334
67230, 1.371817937
67260, 1.3718134053333333
67290, 1.3718089416666666
67320, 1.371804546
67350, 1.3718002186666667
67380, 1.3717959593333333
67410, 1.3717917683333334
67440, 1.3717876453333333
67470, 1.371783591
67500, 1.371779605
67530, 1.3717756876666667
67560, 1.3717718386666666
67590, 1.3717680586666665
67620, 1.371764347
67650, 1.3717607043333335
67680, 1.3717571303333331
67710, 1.3717536256666665
67740, 1.3717501893333335
67770, 1.3717468226666667
67800, 1.3717435246666667
67830, 1.371740296
67860, 1.3717371366666666
67890, 1.3717340463333332
67920, 1.3717310256666666
67950, 1.371728074
67980, 1.371725192
68010, 1.3717223796666667
68040, 1.371719637
68070, 1.371716964
68100, 1.3717143603333335
68130, 1.371711827
68160, 1.371709363
68190, 1.3717069693333332
68220, 1.3717046453333335
68250, 1.3717023913333335
68280, 1.3717002076666667
68310, 1.371698094
68340, 1.3716960506666667
68370, 1.3716940773333333
68400, 1.3716921743333335
68430, 1.371690342
68460, 1.37168858
68490, 1.3716868883333333
68520, 1.3716852673333335
68550, 1.3716837166666667
68580, 1.371682237
68610, 1.371680828
68640, 1.3716794896666666
68670, 1.371678222
68700, 1.3716770253333332
68730, 1.3716758996666667
68760, 1.371674845
68790, 1.3716738613333335
68820, 1.3716729486666666
68850, 1.3716721073333333
68880, 1.371671337
68910, 1.371670638
68940, 1.3716700103333332
68970, 1.3716694536666667
69000, 1.3716689686666665
69030, 1.3716685553333334
69060, 1.3716682133333333
69090, 1.3716679426666667
69120, 1.3716677436666667
69150, 1.3716676166666666
69180, 1.371667561
69210, 1.3716675773333333
69240, 1.3716676650000001
69270, 1.3716678249999998
69300, 1.3716680566666668
69330, 1.3716683603333333
69360, 1.371668736
69390, 1.3716691836666668
69420, 1.3716697033333334
69450, 1.3716702950000002
69480, 1.371670959
69510, 1.3716716953333334
69540, 1.3716725036666666
69570, 1.3716733846666667
69600, 1.3716743376666667
69630, 1.371675363
69660, 1.3716764609999998
69690, 1.3716776313333334
69720, 1.3716788743333335
69750, 1.37168019
69780, 1.371681578
69810, 1.3716830386666667
69840, 1.371684572
69870, 1.3716861783333334
69900, 1.3716878570000002
69930, 1.3716896086666668
69960, 1.3716914333333332
69990, 1.3716933306666668
70020, 1.371695301
70050, 1.3716973443333333
70080, 1.3716994606666666
70110, 1.3717016503333332
70140, 1.3717039126666666
70170, 1.3717062483333333
70200, 1.371708657
70230, 1.3717111389999999
70260, 1.371713694
70290, 1.3717163223333333
70320, 1.3717190240000001
70350, 1.3717217990000001
70380, 1.3717246476666667
70410, 1.3717275693333333
70440, 1.3717305646666667
70470, 1.3717336333333334
70500, 1.3717367756666665
70530, 1.3717399913333332
70560, 1.3717432806666667
70590, 1.3717466436666668
70620, 1.3717500803333333
70650, 1.3717535906666667
70680, 1.3717571746666668
70710, 1.3717608323333332
70740, 1.3717645636666667
70770, 1.371768369
70800, 1.371772248
70830, 1.371776201
70860, 1.371780228
70890, 1.3717843286666667
70920, 1.3717885033333332
70950, 1.371792752
70980, 1.3717970746666666
71010, 1.3718014713333333
71040, 1.371805942
71070, 1.371810487
71100, 1.371815106
71130, 1.371819799
71160, 1.3718245663333333
71190, 1.3718294076666666
71220, 1.3718343233333334
71250, 1.3718393133333333
71280, 1.3718443773333333
71310, 1.3718495156666668
71340, 1.3718547286666667
71370, 1.3718600156666667
71400, 1.371865377
71430, 1.371870813
71460, 1.371876323
71490, 1.3718819076666666
71520, 1.3718875670000001
71550, 1.3718933003333333
71580, 1.3718991086666665
71610, 1.3719049909999999
71640, 1.3719109483333334
71670, 1.37191698
71700, 1.371923086
71730, 1.3719292669999998
71760, 1.3719355223333334
71790, 1.3719418523333333
71820, 1.3719482570000001
71850, 1.3719547366666667
71880, 1.3719612906666667
71910, 1.3719679193333332
71940, 1.3719746226666667
71970, 1.371981401
72000, 1.371988254
72030, 1.3719951816666667
72060, 1.3720021843333332
72090, 1.3720092613333335
72120, 1.3720164136666666
72150, 1.3720236406666668
72180, 1.3720309423333332
72210, 1.372038319
72240, 1.3720457703333333
72270, 1.3720532966666668
72300, 1.372060898
72330, 1.3720685743333334
72360, 1.3720763253333335
72390, 1.3720841513333333
72420, 1.3720920523333333
72450, 1.3721000283333333
72480, 1.372108079
72510, 1.372116205
72540, 1.3721244056666666
72570, 1.3721326816666668
72600, 1.3721410323333332
72630, 1.372149458
72660, 1.3721579590000001
72690, 1.3721665349999999
72720, 1.3721751856666669
72750, 1.3721839116666665
72780, 1.3721927126666666
72810, 1.3722015886666667
72840, 1.3722105396666666
72870, 1.372219566
72900, 1.372228667
72930, 1.3722378433333333
72960, 1.3722470946666667
72990, 1.3722564213333333
73020, 1.3722658226666666
73050, 1.3722752993333334
73080, 1.3722848513333332
73110, 1.3722944780000002
73140, 1.37230418
73170, 1.372313957
73200, 1.372323809
73230, 1.3723337363333332
73260, 1.3723437386666668
73290, 1.3723538163333333
73320, 1.372363969
73350, 1.3723741966666667
73380, 1.3723844993333334
73410, 1.3723948773333334
73440, 1.3724053303333332
73470, 1.3724158583333335
73500, 1.3724264616666666
73530, 1.37243714
73560, 1.3724478933333333
73590, 1.372458722
73620, 1.3724696256666666
73650, 1.3724806043333333
73680, 1.3724916583333333
73710, 1.372502787
73740, 1.372513991
73770, 1.3725252703333333
73800, 1.3725366243333332
73830, 1.3725480536666665
73860, 1.3725595576666667
73890, 1.372571137
73920, 1.3725827916666666
73950, 1.372594521
73980, 1.3726063253333334
74010, 1.3726182046666666
74040, 1.3726301593333334
74070, 1.3726421886666667
74100, 1.3726542933333334
74130, 1.3726664726666666
74160, 1.3726787273333334
74190, 1.3726910566666666
74220, 1.372703461
74250, 1.3727159403333333
74280, 1.3727284946666667
74310, 1.3727411236666667
74340, 1.372753828
74370, 1.372766607
74400, 1.372779461
74430, 1.3727923896666667
74460, 1.3728053933333333
74490, 1.372818472
74520, 1.3728316253333332
74550, 1.3728448533333333
74580, 1.3728581563333333
74610, 1.3728715343333333
74640, 1.3728849866666666
74670, 1.372898514
74700, 1.3729121163333333
74730, 1.372925793
74760, 1.3729395446666666
74790, 1.3729533706666668
74820, 1.3729672716666668
74850, 1.3729812473333334
74880, 1.3729952976666666
74910, 1.3730094223333333
74940, 1.3730236219999998
74970, 1.373037896
75000, 1.3730522446666669
75030, 1.3730666676666667
75060, 1.3730811656666668
75090, 1.3730957376666666
75120, 1.3731103846666668
75150, 1.3731251056666667
75180, 1.3731399013333334
75210, 1.3731547713333334
75240, 1.373169716
75270, 1.3731847346666666
75300, 1.373199828
75330, 1.3732149956666666
75360, 1.3732302373333334
75390, 1.3732455536666666
75420, 1.373260944
75450, 1.3732764086666667
75480, 1.3732919473333334
75510, 1.3733075606666667
75540, 1.3733232476666666
75570, 1.3733390090000002
75600, 1.3733548446666666
75630, 1.373370754
75660, 1.3733867376666666
75690, 1.3734027953333334
75720, 1.3734189270000001
75750, 1.3734351326666667
75780, 1.3734514123333332
75810, 1.3734677656666667
75840, 1.3734841930000001
75870, 1.3735006943333334
75900, 1.3735172693333333
75930, 1.3735339180000001
75960, 1.3735506406666667
75990, 1.373567437
76020, 1.373584307
76050, 1.3736012506666666
76080, 1.373618268
76110, 1.373635359
76140, 1.3736525236666666
76170, 1.3736697616666667
76200, 1.3736870733333333
76230, 1.3737044583333333
76260, 1.3737219166666668
76290, 1.3737394486666668
76320, 1.373757054
76350, 1.3737747323333334
76380, 1.3737924843333333
76410, 1.3738103096666667
76440, 1.3738282080000002
76470, 1.3738461793333332
76500, 1.3738642243333334
76530, 1.3738823420000001
76560, 1.373900533
76590, 1.373918797
76620, 1.3739371340000002
76650, 1.373955544
76680, 1.3739740266666667
76710, 1.3739925823333334
76740, 1.374011211
76770, 1.3740299123333333
76800, 1.3740486866666668
76830, 1.3740675333333334
76860, 1.3740864529999999
76890, 1.3741054453333332
76920, 1.37412451
76950, 1.3741436473333333
76980, 1.3741628573333333
77010, 1.3741821396666667
77040, 1.3742014943333334
77070, 1.3742209216666665
77100, 1.374240421
77130, 1.3742599930000001
77160, 1.374279637
77190, 1.3742993533333332
77220, 1.3743191416666667
77250, 1.3743390023333333
77280, 1.374358935
77310, 1.3743789393333334
77340, 1.374399016
77370, 1.3744191646666666
77400, 1.374439385
77430, 1.3744596773333333
77460, 1.3744800413333333
77490, 1.3745004773333334
77520, 1.3745209846666666
77550, 1.374541564
77580, 1.3745622146666667
77610, 1.374582937
77640, 1.3746037306666667
77670, 1.374624596
77700, 1.3746455326666667
77730, 1.3746665403333334
77760, 1.3746876196666666
77790, 1.3747087703333334
77820, 1.374729992
77850, 1.3747512846666667
77880, 1.3747726486666667
77910, 1.3747940836666666
77940, 1.3748155893333334
77970, 1.3748371663333334
78000, 1.374858814
78030, 1.3748805323333333
78060, 1.3749023216666667
78090, 1.3749241816666666
78120, 1.3749461123333333
78150, 1.3749681133333334
78180, 1.3749901850000001
78210, 1.3750123273333332
78240, 1.3750345400000001
78270, 1.375056823
78300, 1.3750791763333334
78330, 1.3751016
78360, 1.3751240936666667
78390, 1.3751466576666667
78420, 1.3751692913333333
78450, 1.3751919953333334
78480, 1.3752147693333332
78510, 1.3752376133333333
78540, 1.375260527
78570, 1.3752835103333334
78600, 1.3753065636666666
78630, 1.3753296863333333
78660, 1.3753528786666667
78690, 1.3753761406666667
78720, 1.3753994723333334
78750, 1.375422873
78780, 1.3754463433333333
78810, 1.3754698826666667
78840, 1.3754934913333332
78870, 1.3755171693333332
78900, 1.375540916
78930, 1.3755647320000002
78960, 1.375588617
78990, 1.3756125706666666
79020, 1.3756365933333334
79050, 1.375660685
79080, 1.375684845
79110, 1.3757090736666666
79140, 1.3757333710000001
79170, 1.375757737
79200, 1.375782171
79230, 1.3758066736666665
79260, 1.3758312446666665
79290, 1.3758558836666668
79320, 1.375880591
79350, 1.3759053666666665
79380, 1.3759302100000002
79410, 1.3759551213333332
79440, 1.3759801006666665
79470, 1.3760051476666666
79500, 1.3760302623333334
79530, 1.376055445
79560, 1.376080695
79590, 1.3761060126666667
79620, 1.3761313976666667
79650, 1.3761568503333332
79680, 1.37618237
79710, 1.3762079569999999
79740, 1.3762336113333333
79770, 1.3762593326666666
79800, 1.376285121
79830, 1.376310976
79860, 1.3763368983333333
79890, 1.376362887
79920, 1.3763889426666667
79950, 1.376415065
79980, 1.376441254
80010, 1.3764675093333334
80040, 1.376493831
80070, 1.3765202193333332
80100, 1.3765466736666667
80130, 1.3765731943333332
80160, 1.3765997810000001
80190, 1.3766264336666667
80220, 1.3766531523333332
80250, 1.376679937
80280, 1.3767067873333332
80310, 1.3767337033333333
80340, 1.376760685
80370, 1.3767877323333333
80400, 1.3768148453333333
80430, 1.3768420233333334
80460, 1.376869267
80490, 1.3768965756666667
80520, 1.3769239496666665
80550, 1.3769513883333333
80580, 1.3769788923333333
80610, 1.3770064613333333
80640, 1.3770340950000002
80670, 1.3770617936666667
80700, 1.3770895566666668
80730, 1.3771173843333333
80760, 1.3771452766666665
80790, 1.3771732333333333
80820, 1.3772012543333334
80850, 1.3772293393333335
80880, 1.3772574886666666
80910, 1.3772857023333334
80940, 1.3773139796666667
80970, 1.377342321
81000, 1.3773707263333332
81030, 1.377399195
81060, 1.3774277276666667
81090, 1.3774563236666666
81120, 1.3774849833333334
81150, 1.3775137063333334
81180, 1.3775424926666666
81210, 1.377571342
81240, 1.3776002546666668
81270, 1.3776292303333333
81300, 1.3776582686666667
81330, 1.37768737
81360, 1.3777165343333333
81390, 1.3777457613333335
81420, 1.3777750506666668
81450, 1.3778044026666667
81480, 1.3778338170000002
81510, 1.3778632936666668
81540, 1.3778928323333335
81570, 1.3779224333333333
81600, 1.3779520963333334
81630, 1.3779818213333332
81660, 1.3780116083333334
81690, 1.3780414566666666
81720, 1.378071367
81750, 1.3781013389999999
81780, 1.3781313723333333
81810, 1.378161467
81840, 1.378191623
81870, 1.3782218400000001
81900, 1.3782521183333332
81930, 1.3782824576666666
81960, 1.3783128576666666
81990, 1.3783433186666667
82020, 1.3783738406666668
82050, 1.3784044229999999
82080, 1.3784350656666666
82110, 1.378465769
82140, 1.3784965326666667
82170, 1.3785273566666667
82200, 1.3785582406666668
82230, 1.3785891846666667
82260, 1.3786201886666667
82290, 1.3786512523333332
82320, 1.378682376
82350, 1.3787135593333335
82380, 1.378744802
82410, 1.3787761043333333
82440, 1.3788074656666667
82470, 1.3788388866666668
82500, 1.3788703666666666
82530, 1.3789019056666665
82560, 1.3789335033333332
82590, 1.3789651603333333
82620, 1.3789968756666666
82650, 1.37902865
82680, 1.3790604826666666
82710, 1.3790923736666667
82740, 1.3791243233333335
82770, 1.379156331
82800, 1.3791883966666665
82830, 1.3792205206666668
82860, 1.3792527023333332
82890, 1.379284942
82920, 1.379317239
82950, 1.379349594
82980, 1.3793820063333333
83010, 1.3794144763333334
83040, 1.3794470033333335
83070, 1.3794795876666668
83100, 1.379512229
83130, 1.379544927
83160, 1.3795776823333332
83190, 1.3796104943333334
83220, 1.3796433626666667
83250, 1.379676288
83280, 1.3797092693333333
83310, 1.3797423073333333
83340, 1.3797754013333334
83370, 1.3798085516666667
83400, 1.379841758
83430, 1.37987502
83460, 1.3799083380000001
83490, 1.3799417116666666
83520, 1.3799751406666667
83550, 1.3800086253333335
83580, 1.3800421653333332
83610, 1.3800757603333333
83640, 1.3801094106666667
83670, 1.380143116
83700, 1.3801768763333333
83730, 1.3802106913333334
83760, 1.3802445609999998
83790, 1.3802784853333334
83820, 1.380312464
83850, 1.3803464970000001
83880, 1.3803805843333334
83910, 1.380414726
83940, 1.3804489213333333
83970, 1.3804831706666667
84000, 1.3805174736666666
84030, 1.3805518306666666
84060, 1.3805862406666667
84090, 1.3806207046666665
84120, 1.3806552216666668
84150, 1.380689792
84180, 1.3807244153333333
84210, 1.3807590916666665
84240, 1.3807938210000001
84270, 1.380828603
84300, 1.3808634373333335
84330, 1.3808983246666666
84360, 1.380933264
84390, 1.3809682556666667
84420, 1.3810032996666666
84450, 1.3810383956666668
84480, 1.3810735436666668
84510, 1.3811087433333333
84540, 1.3811439946666666
84570, 1.3811792976666666
84600, 1.381214652
84630, 1.381250058
84660, 1.3812855146666667
84690, 1.3813210230000001
84720, 1.381356582
84750, 1.3813921916666665
84780, 1.3814278523333334
84810, 1.3814635636666668
84840, 1.3814993253333332
84870, 1.3815351376666667
84900, 1.3815709999999999
84930, 1.3816069123333334
84960, 1.381642875
84990, 1.3816788873333332
85020, 1.3817149496666665
85050, 1.3817510613333333
85080, 1.3817872226666668
85110, 1.3818234333333335
85140, 1.3818596933333334
85170, 1.3818960026666667
85200, 1.381932361
85230, 1.3819687680000001
85260, 1.382005224
85290, 1.3820417283333333
85320, 1.3820782816666668
85350, 1.382114883
85380, 1.382151533
85410, 1.3821882306666666
85440, 1.3822249766666668
85470, 1.3822617706666667
85500, 1.3822986123333334
85530, 1.3823355016666665
85560, 1.3823724386666667
85590, 1.382409423
85620, 1.3824464546666666
85650, 1.3824835333333334
85680, 1.382520659
85710, 1.3825578316666667
85740, 1.382595051
85770, 1.3826323173333335
85800, 1.38266963
85830, 1.3827069889999999
85860, 1.382744394
85890, 1.3827818456666667
85920, 1.382819343
85950, 1.3828568863333333
85980, 1.3828944753333332
86010, 1.3829321099999998
86040, 1.38296979
86070, 1.3830075153333332
86100, 1.3830452863333333
86130, 1.383083102
86160, 1.3831209629999999
86190, 1.3831588683333333
86220, 1.3831968186666668
86250, 1.3832348136666668
86280, 1.383272853
86310, 1.3833109366666667
86340, 1.3833490646666666
86370, 1.3833872366666666
86400, 1.3834254523333334
